[0.00617284 0.18511423 0.         0.01175779 0.         0.01148018
 0.         0.         0.01125007 0.         0.05665531 0.
 0.02548275 0.00823045 0.         0.11329393 0.16666667 0.03863615
 0.36525964]test_acc:  0.9523809523809523
[0.03429142 0.18683862 0.         0.         0.         0.01187085
 0.00254965 0.03276353 0.00925926 0.         0.         0.
 0.16666667 0.01058201 0.         0.22071961 0.11538462 0.0512221
 0.15785166]test_acc:  0.9523809523809523
[0.05706678 0.17989418 0.         0.         0.         0.02038017
 0.02194787 0.         0.00617284 0.00987654 0.19103736 0.
 0.02548275 0.00823045 0.         0.27473229 0.00823045 0.04348865
 0.15345967]test_acc:  0.8571428571428571
[0.02219848 0.16666667 0.         0.         0.         0.01188843
 0.00355406 0.         0.         0.01987971 0.         0.01148018
 0.19193416 0.         0.         0.1748981  0.         0.03269624
 0.36480398]test_acc:  0.9047619047619048
[0.03228056 0.18792475 0.         0.         0.         0.02333469
 0.         0.         0.         0.         0.12155159 0.16666667
 0.         0.         0.         0.22277722 0.         0.04561693
 0.19984758]test_acc:  0.8095238095238095
[0.0105793  0.20019976 0.         0.         0.         0.01187085
 0.0104321  0.02271605 0.         0.         0.05090819 0.12721702
 0.         0.0051908  0.         0.20662195 0.16666667 0.01589974
 0.17169759]test_acc:  0.8571428571428571
[0.06067965 0.18209877 0.         0.         0.         0.02303209
 0.         0.01388889 0.         0.         0.03528807 0.12277092
 0.         0.         0.         0.26225108 0.16666667 0.
 0.13332387]test_acc:  0.9047619047619048
[0.02339181 0.18671679 0.         0.         0.         0.
 0.         0.         0.         0.         0.05687831 0.
 0.02560585 0.01188843 0.00823045 0.32452569 0.16666667 0.01058201
 0.18551398]test_acc:  0.8095238095238095
[0.03114035 0.18522353 0.         0.01067019 0.         0.00617284
 0.0111436  0.         0.         0.01187085 0.04542173 0.
 0.02271605 0.         0.         0.16833967 0.16666667 0.
 0.34063452]test_acc:  0.8571428571428571
[0.00823045 0.18643765 0.         0.         0.         0.01765301
 0.         0.         0.         0.0273251  0.         0.
 0.         0.         0.         0.13813867 0.16666667 0.11024612
 0.34530232]test_acc:  0.9523809523809523
[0.01948052 0.18511423 0.         0.         0.         0.01148018
 0.         0.         0.0265726  0.         0.07390761 0.00823045
 0.00617284 0.         0.         0.27996059 0.16666667 0.03863615
 0.18377816]test_acc:  1.0
[0.03154794 0.18938828 0.         0.         0.         0.01187085
 0.         0.01817558 0.         0.         0.16666667 0.
 0.         0.         0.         0.21454677 0.12464387 0.05254485
 0.1906152 ]test_acc:  0.9047619047619048
[0.07147007 0.17989418 0.         0.         0.         0.03025671
 0.02194787 0.         0.         0.         0.16666667 0.
 0.04985344 0.         0.         0.11629607 0.         0.04348865
 0.32012634]test_acc:  0.8571428571428571
[0.03042893 0.16666667 0.         0.         0.         0.01188843
 0.00355406 0.         0.         0.01987971 0.03469005 0.
 0.16666667 0.         0.         0.16872526 0.         0.03269624
 0.36480398]test_acc:  0.9047619047619048
[0.02240402 0.19868313 0.         0.         0.         0.01187085
 0.         0.         0.         0.         0.12155159 0.
 0.         0.01058201 0.         0.21454677 0.17489712 0.04561693
 0.19984758]test_acc:  0.8095238095238095
[0.0105793  0.19402692 0.         0.         0.         0.01187085
 0.03314815 0.         0.         0.16666667 0.05090819 0.12104418
 0.         0.0051908  0.         0.03995529 0.         0.02207258
 0.3445371 ]test_acc:  0.8095238095238095
[0.06067965 0.16666667 0.         0.         0.         0.02303209
 0.         0.01388889 0.00925926 0.06883544 0.17674897 0.
 0.02520576 0.         0.         0.19958848 0.12277092 0.
 0.13332387]test_acc:  0.9047619047619048
[0.02339181 0.18671679 0.         0.         0.         0.01188843
 0.         0.         0.         0.         0.08248416 0.16666667
 0.         0.01058201 0.         0.16608948 0.         0.
 0.35218065]test_acc:  0.8571428571428571
[0.03008215 0.19139637 0.         0.         0.         0.
 0.0111436  0.0117284  0.         0.16666667 0.04542173 0.
 0.02271605 0.00617284 0.         0.16216683 0.         0.01187085
 0.34063452]test_acc:  0.8571428571428571
[0.01122334 0.18643765 0.         0.         0.         0.01148018
 0.         0.00823045 0.         0.         0.         0.00617284
 0.03144033 0.         0.00617284 0.11756254 0.16666667 0.12053419
 0.33407898]test_acc:  0.8571428571428571
[0.         0.18511423 0.         0.01175779 0.         0.01148018
 0.         0.         0.01125007 0.01481481 0.04842486 0.16666667
 0.03988604 0.         0.         0.27996059 0.00823045 0.03863615
 0.18377816]test_acc:  1.0
[0.02228868 0.18938828 0.         0.         0.         0.01187085
 0.00925926 0.03276353 0.01200274 0.         0.         0.11538462
 0.17283951 0.00925926 0.         0.0478801  0.         0.05254485
 0.32451833]test_acc:  0.8571428571428571
[0.05706678 0.17989418 0.         0.         0.         0.02038017
 0.         0.         0.         0.         0.04631856 0.00823045
 0.03165559 0.         0.         0.11629607 0.17654321 0.04348865
 0.32012634]test_acc:  0.8571428571428571
[0.01139601 0.16666667 0.         0.         0.         0.01188843
 0.00355406 0.         0.         0.02526749 0.         0.
 0.17814684 0.         0.00617284 0.16872526 0.         0.05257595
 0.37560645]test_acc:  0.9047619047619048
[0.02240402 0.19868313 0.         0.         0.         0.01187085
 0.         0.         0.01646091 0.         0.28821826 0.
 0.         0.01058201 0.         0.0478801  0.         0.04561693
 0.3582838 ]test_acc:  0.8095238095238095
[0.0105793  0.19402692 0.         0.         0.         0.01187085
 0.0104321  0.         0.         0.16666667 0.05090819 0.
 0.00617284 0.0051908  0.         0.03995529 0.12104418 0.01589974
 0.36725315]test_acc:  0.8571428571428571
[0.06067965 0.16666667 0.         0.         0.         0.02159176
 0.         0.01388889 0.00925926 0.         0.20339506 0.18543352
 0.00617284 0.         0.         0.         0.         0.
 0.33291235]test_acc:  0.9047619047619048
[0.02227792 0.18671679 0.         0.01169591 0.         0.01188843
 0.         0.         0.         0.02560585 0.22354497 0.
 0.         0.         0.         0.33275614 0.         0.
 0.18551398]test_acc:  0.8571428571428571
[0.03114035 0.18522353 0.         0.01067019 0.         0.
 0.0111436  0.         0.         0.02271605 0.2120884  0.
 0.01187085 0.         0.00617284 0.3288335  0.         0.
 0.1801407 ]test_acc:  0.9047619047619048
[0.0194538  0.19672571 0.         0.         0.         0.01148018
 0.         0.         0.         0.01703704 0.         0.17283951
 0.01440329 0.         0.         0.28422921 0.         0.11024612
 0.17358515]test_acc:  0.8571428571428571
[0.01125007 0.19334469 0.         0.         0.         0.01148018
 0.         0.         0.01175779 0.16666667 0.04842486 0.
 0.02548275 0.01481481 0.         0.11946676 0.16666667 0.0468666
 0.18377816]test_acc:  0.9047619047619048
[0.03287069 0.19884137 0.         0.         0.         0.01187085
 0.00254965 0.00617284 0.         0.16666667 0.         0.11538462
 0.         0.00925926 0.         0.22380603 0.         0.04196284
 0.1906152 ]test_acc:  1.0
[0.06323962 0.17989418 0.         0.         0.         0.02038017
 0.         0.         0.         0.         0.02194787 0.
 0.04985344 0.01646091 0.         0.10806562 0.17654321 0.04348865
 0.32012634]test_acc:  0.8571428571428571
[0.01139601 0.16666667 0.         0.         0.         0.03753272
 0.00355406 0.         0.         0.01188843 0.         0.17489712
 0.01703704 0.         0.         0.16872526 0.         0.03269624
 0.37560645]test_acc:  0.9047619047619048
[0.03298603 0.19868313 0.         0.         0.         0.01187085
 0.         0.00823045 0.         0.         0.12155159 0.
 0.16666667 0.         0.         0.0478801  0.00823045 0.04561693
 0.3582838 ]test_acc:  0.8095238095238095
[0.02086736 0.19402692 0.         0.         0.         0.01187085
 0.0104321  0.         0.         0.00617284 0.21757485 0.
 0.00617284 0.0051908  0.         0.06267134 0.12104418 0.00561167
 0.33836426]test_acc:  0.8571428571428571
[0.06067965 0.16666667 0.         0.         0.         0.02303209
 0.0100823  0.01388889 0.0154321  0.22932927 0.02520576 0.12277092
 0.         0.         0.         0.19958848 0.         0.
 0.13332387]test_acc:  0.9047619047619048
[0.01169591 0.18671679 0.         0.01169591 0.         0.
 0.         0.         0.         0.         0.08248416 0.
 0.         0.02247044 0.         0.15785902 0.17489712 0.
 0.35218065]test_acc:  0.8095238095238095
[0.01941196 0.18522353 0.         0.01067019 0.         0.
 0.0111436  0.01790123 0.00617284 0.03458689 0.04542173 0.
 0.16666667 0.         0.         0.3288335  0.         0.
 0.17396786]test_acc:  0.9047619047619048
[0.         0.18643765 0.         0.         0.         0.01148018
 0.         0.00823045 0.         0.01703704 0.00617284 0.
 0.00617284 0.         0.01028807 0.2986325  0.16666667 0.11024612
 0.17863565]test_acc:  0.9047619047619048
