[0.         0.         0.04209016 0.01370355 0.45440262 0.
 0.         0.         0.         0.01351322 0.         0.00920004
 0.         0.03180285 0.         0.05092539 0.         0.
 0.         0.01288005 0.         0.02723369 0.         0.
 0.04337159 0.         0.26453669 0.         0.         0.01347148
 0.         0.         0.02286866 0.        ]test_acc:  0.8055555555555556
[0.02446603 0.         0.00727691 0.01715031 0.47935437 0.00637111
 0.         0.02679648 0.02366122 0.         0.         0.
 0.         0.03411655 0.         0.         0.02355209 0.
 0.         0.01265005 0.         0.03138734 0.         0.04297978
 0.03312013 0.         0.22676759 0.         0.         0.
 0.         0.         0.01035004 0.        ]test_acc:  0.8611111111111112
[0.         0.         0.01385988 0.05229349 0.44030534 0.02104798
 0.02504831 0.05083607 0.         0.01351906 0.         0.
 0.         0.         0.         0.         0.         0.
 0.         0.         0.         0.         0.         0.04307089
 0.         0.         0.22571656 0.0289144  0.02217866 0.03002353
 0.         0.         0.0216858  0.01150004]test_acc:  0.9444444444444444
[0.         0.         0.11814369 0.         0.         0.01469851
 0.44420597 0.03865928 0.         0.01328975 0.         0.00920004
 0.01355362 0.02365723 0.         0.03567962 0.         0.
 0.         0.         0.04091764 0.         0.         0.
 0.         0.         0.22571656 0.01307806 0.         0.00920004
 0.         0.         0.         0.        ]test_acc:  0.75
[0.         0.         0.00237213 0.         0.42482275 0.02311154
 0.01226671 0.02683765 0.         0.01288858 0.         0.
 0.         0.02222287 0.         0.01104004 0.         0.
 0.         0.03005345 0.         0.04838018 0.00920004 0.0131592
 0.02208008 0.         0.30217667 0.         0.00640115 0.01343689
 0.         0.00920004 0.01035004 0.        ]test_acc:  0.8333333333333334
[0.03009093 0.         0.0207996  0.0310868  0.44733989 0.0062574
 0.         0.03045707 0.         0.01300377 0.         0.
 0.01836755 0.01260974 0.         0.01248237 0.02410742 0.03357819
 0.00688783 0.         0.         0.         0.         0.0128704
 0.         0.         0.24146457 0.         0.04607314 0.
 0.         0.01252333 0.         0.        ]test_acc:  0.9142857142857143
[0.0260434  0.         0.08919251 0.00115334 0.40721474 0.
 0.         0.02594704 0.         0.01342469 0.         0.
 0.         0.         0.         0.07731595 0.01245276 0.01956863
 0.         0.01461124 0.0127041  0.00913203 0.01027353 0.03182769
 0.         0.         0.23578277 0.         0.         0.01335559
 0.         0.         0.         0.        ]test_acc:  0.9411764705882353
[0.0260434  0.         0.01415004 0.00115145 0.41595058 0.05479215
 0.02844977 0.02587681 0.         0.02676593 0.         0.
 0.         0.03560822 0.01027353 0.02474042 0.02443855 0.02411425
 0.         0.         0.         0.02853758 0.01264434 0.
 0.         0.         0.24646297 0.         0.         0.
 0.         0.         0.         0.        ]test_acc:  0.9117647058823529
[0.         0.         0.05742035 0.03707288 0.47613665 0.0156549
 0.04706569 0.02587681 0.01027353 0.01341333 0.         0.
 0.01027353 0.03665929 0.         0.         0.01232823 0.
 0.         0.         0.         0.         0.         0.
 0.01095843 0.         0.20581003 0.01337189 0.         0.
 0.         0.02768446 0.         0.        ]test_acc:  0.9705882352941176
[0.02695123 0.         0.         0.05792207 0.4401177  0.
 0.02411425 0.0557992  0.00684902 0.01266209 0.         0.
 0.         0.01292656 0.         0.02525249 0.02516063 0.
 0.01027353 0.         0.         0.         0.         0.0127933
 0.         0.         0.27154397 0.         0.01763397 0.
 0.         0.         0.         0.        ]test_acc:  0.8823529411764706
[0.         0.         0.0531302  0.00115805 0.46623124 0.
 0.02510594 0.         0.         0.01351322 0.         0.
 0.         0.03180285 0.         0.02581945 0.03383701 0.
 0.         0.01288005 0.         0.02723369 0.         0.
 0.02208008 0.         0.26453669 0.00920004 0.         0.01347148
 0.         0.         0.         0.        ]test_acc:  0.8888888888888888
[0.02446603 0.         0.00727691 0.01715031 0.47935437 0.00637111
 0.         0.02679648 0.02366122 0.         0.         0.
 0.         0.03411655 0.         0.         0.02355209 0.
 0.         0.01987865 0.         0.03138734 0.         0.02540115
 0.02208008 0.         0.2302176  0.         0.00690003 0.
 0.01035004 0.         0.         0.01104004]test_acc:  0.8611111111111112
[0.         0.         0.01385988 0.03987345 0.44030534 0.01265005
 0.05718272 0.04048603 0.01150004 0.01351906 0.00920004 0.
 0.         0.         0.         0.02104798 0.         0.01987865
 0.         0.         0.         0.         0.         0.04307089
 0.         0.         0.22571656 0.01656006 0.         0.01346347
 0.         0.         0.0216858  0.        ]test_acc:  0.9166666666666666
[0.         0.         0.14180092 0.         0.         0.02389854
 0.4451325  0.03865928 0.         0.01328975 0.         0.
 0.01262709 0.         0.00920004 0.03567962 0.         0.
 0.         0.0141539  0.02676374 0.         0.         0.
 0.         0.         0.22571656 0.01307806 0.         0.
 0.         0.         0.         0.        ]test_acc:  0.75
[0.         0.         0.02445222 0.         0.42482275 0.02541155
 0.         0.02683765 0.01226671 0.01288858 0.         0.00920004
 0.         0.0131592  0.00690003 0.         0.         0.
 0.         0.03005345 0.         0.04838018 0.         0.02337287
 0.00920004 0.         0.28644272 0.         0.03317514 0.01343689
 0.         0.         0.         0.        ]test_acc:  0.8055555555555556
[0.03009093 0.         0.01417647 0.0310868  0.44733989 0.0062574
 0.         0.03045707 0.         0.01273907 0.         0.
 0.         0.01260974 0.         0.01248237 0.03099525 0.03357819
 0.         0.         0.         0.         0.         0.0128704
 0.         0.01252333 0.24146457 0.         0.04607314 0.
 0.         0.01836755 0.         0.00688783]test_acc:  0.8857142857142857
[0.0260434  0.         0.08919251 0.00115334 0.40721474 0.02795856
 0.02363553 0.02594704 0.         0.01342469 0.01027353 0.
 0.         0.         0.         0.         0.03202139 0.01264434
 0.         0.         0.         0.03856646 0.         0.04278612
 0.         0.         0.23578277 0.         0.         0.01335559
 0.         0.         0.         0.        ]test_acc:  0.9411764705882353
[0.0260434  0.         0.0382643  0.01360422 0.41595058 0.
 0.         0.05802915 0.         0.01341912 0.         0.
 0.         0.03560822 0.         0.03738476 0.01095843 0.
 0.         0.         0.02586236 0.         0.         0.
 0.02739608 0.         0.24646297 0.01334681 0.         0.01027353
 0.         0.02739608 0.         0.        ]test_acc:  0.9411764705882353
[0.         0.         0.03550349 0.04940111 0.46439548 0.0156549
 0.04706569 0.02587681 0.01027353 0.01341333 0.         0.
 0.         0.03665929 0.         0.         0.01027353 0.
 0.         0.         0.         0.         0.         0.02191686
 0.         0.01095843 0.20581003 0.         0.         0.01337189
 0.         0.02768446 0.01174118 0.        ]test_acc:  0.9705882352941176
[0.02695123 0.         0.         0.04231873 0.43098568 0.
 0.0397176  0.0557992  0.         0.01266209 0.01027353 0.
 0.         0.01292656 0.         0.02525249 0.02516063 0.
 0.         0.         0.         0.         0.         0.02192532
 0.         0.         0.27154397 0.         0.01763397 0.
 0.         0.00684902 0.         0.        ]test_acc:  0.8823529411764706
[0.         0.         0.04209016 0.02474359 0.46623124 0.
 0.02510594 0.         0.         0.01351322 0.         0.00920004
 0.         0.03180285 0.         0.02581945 0.         0.
 0.         0.01288005 0.         0.02723369 0.         0.
 0.04337159 0.         0.26453669 0.         0.         0.01347148
 0.         0.         0.         0.        ]test_acc:  0.8055555555555556
[0.02446603 0.         0.05085323 0.01715031 0.47935437 0.00637111
 0.         0.02679648 0.02366122 0.         0.         0.
 0.         0.01262032 0.         0.01265005 0.02355209 0.
 0.         0.01987865 0.00690003 0.04173738 0.         0.02310114
 0.01104004 0.         0.21986756 0.         0.         0.
 0.         0.         0.         0.        ]test_acc:  0.8888888888888888
[0.         0.         0.01385988 0.03987345 0.44030534 0.01987865
 0.03746836 0.04048603 0.         0.01351906 0.         0.
 0.         0.         0.         0.02104798 0.         0.01265005
 0.         0.         0.01971436 0.         0.01656006 0.04307089
 0.         0.         0.22571656 0.         0.         0.0226635
 0.         0.         0.0216858  0.01150004]test_acc:  0.9166666666666666
[0.         0.         0.11814369 0.00920004 0.02070008 0.01469851
 0.44420597 0.03865928 0.         0.01328975 0.         0.
 0.02227809 0.02365723 0.         0.03567962 0.         0.
 0.         0.         0.02021756 0.         0.         0.
 0.         0.         0.22571656 0.01355362 0.         0.
 0.         0.         0.         0.        ]test_acc:  0.75
[0.         0.         0.01157217 0.         0.43402278 0.01621152
 0.         0.02683765 0.         0.01302283 0.         0.00690003
 0.         0.02862252 0.         0.         0.         0.01226671
 0.         0.03005345 0.         0.04838018 0.         0.0131592
 0.02208008 0.         0.29679276 0.         0.00640115 0.02263693
 0.         0.01104004 0.         0.        ]test_acc:  0.8055555555555556
[0.03009093 0.         0.01365507 0.0310868  0.44733989 0.0062574
 0.         0.03045707 0.         0.01273907 0.         0.
 0.         0.01300377 0.         0.01260974 0.02410742 0.03357819
 0.00688783 0.         0.         0.00688783 0.         0.0128704
 0.         0.03089089 0.24146457 0.         0.04607314 0.
 0.         0.         0.         0.        ]test_acc:  0.8857142857142857
[0.0260434  0.         0.08919251 0.01360611 0.40721474 0.00913203
 0.         0.02594704 0.         0.01342469 0.         0.
 0.         0.01027353 0.         0.07731595 0.01956863 0.
 0.         0.01461124 0.0127041  0.         0.         0.03182769
 0.         0.         0.23578277 0.         0.         0.01335559
 0.         0.         0.         0.        ]test_acc:  0.9411764705882353
[0.0260434  0.         0.04001241 0.00115145 0.41595058 0.
 0.05689276 0.02587681 0.         0.01341912 0.         0.
 0.01095843 0.03560822 0.         0.02411425 0.01245276 0.
 0.         0.01264434 0.         0.         0.         0.
 0.02739608 0.01027353 0.24646297 0.         0.         0.01334681
 0.         0.02739608 0.         0.        ]test_acc:  0.9117647058823529
[0.         0.         0.01290172 0.04940111 0.46439548 0.02023095
 0.         0.02587681 0.         0.01341333 0.         0.
 0.         0.03665929 0.         0.03756469 0.01027353 0.
 0.         0.         0.         0.         0.         0.03757176
 0.01174118 0.         0.20581003 0.01337189 0.02768446 0.
 0.         0.         0.02214534 0.01095843]test_acc:  1.0
[0.02695123 0.         0.         0.05259226 0.43098568 0.
 0.0397176  0.0557992  0.         0.01253288 0.         0.00913203
 0.         0.01292656 0.         0.02538169 0.02516063 0.
 0.         0.         0.         0.         0.         0.0127933
 0.         0.01141503 0.26127044 0.01027353 0.00621894 0.00684902
 0.         0.         0.         0.        ]test_acc:  0.8529411764705882
