[0.35873016 0.64126984][113. 202.]test_acc:  0.8888888888888888
[0.35873016 0.64126984][113. 202.]test_acc:  0.8888888888888888
[0.35873016 0.64126984][113. 202.]test_acc:  0.9444444444444444
[0.35873016 0.64126984][113. 202.]test_acc:  0.8333333333333334
[0.35873016 0.64126984][113. 202.]test_acc:  0.8055555555555556
[0.35759494 0.64240506][113. 203.]test_acc:  0.8285714285714286
[0.35962145 0.64037855][114. 203.]test_acc:  0.8529411764705882
[0.35962145 0.64037855][114. 203.]test_acc:  1.0
[0.35962145 0.64037855][114. 203.]test_acc:  0.9411764705882353
[0.35962145 0.64037855][114. 203.]test_acc:  0.8529411764705882
<<<<<<< HEAD
[0.89784728 0.06011373 0.00507717 0.01604387 0.02091795][4421.  296.   25.   79.  103.]test_acc:  0.8724954462659381
[0.89784728 0.06011373 0.00507717 0.01604387 0.02091795][4421.  296.   25.   79.  103.]test_acc:  0.9034608378870674
[0.89784728 0.06011373 0.00507717 0.01604387 0.02091795][4421.  296.   25.   79.  103.]test_acc:  0.8014571948998178
[0.89786802 0.06010152 0.00507614 0.01604061 0.02091371][4422.  296.   25.   79.  103.]test_acc:  0.9032846715328468
[0.89786802 0.06010152 0.00507614 0.01604061 0.02091371][4422.  296.   25.   79.  103.]test_acc:  0.8923357664233577
[0.89768575 0.06008932 0.00507511 0.01603735 0.02111246][4422.  296.   25.   79.  104.]test_acc:  0.903107861060329
[0.89768575 0.06008932 0.00507511 0.01603735 0.02111246][4422.  296.   25.   79.  104.]test_acc:  0.8720292504570384
[0.89768575 0.06008932 0.00507511 0.01603735 0.02111246][4422.  296.   25.   79.  104.]test_acc:  0.8610603290676416
[0.89732143 0.06006494 0.00527597 0.01623377 0.0211039 ][4422.  296.   26.   80.  104.]test_acc:  0.8587155963302753
[0.89713938 0.06025563 0.0052749  0.01623047 0.02109961][4422.  297.   26.   80.  104.]test_acc:  0.9172794117647058
=======
>>>>>>> first commit
