[0.1327732  0.09034484 0.17275667 0.17124506 0.07542037 0.02850534
 0.11472134 0.17507619 0.039157  ]test_acc:  0.6086956521739131
[0.17810886 0.08586153 0.12224555 0.1543354  0.08653858 0.04087162
 0.11924088 0.17086361 0.04193398]test_acc:  0.6521739130434783
[0.11677634 0.08688284 0.20217219 0.14408751 0.05553593 0.09403827
 0.10149748 0.16177702 0.03723242]test_acc:  0.6521739130434783
[0.12502612 0.04924527 0.14639525 0.14439741 0.0703698  0.0534606
 0.16835454 0.17359396 0.06915706]test_acc:  0.5909090909090909
[0.18178859 0.04076887 0.20945088 0.19675843 0.01302997 0.06779782
 0.0642228  0.16911381 0.05706883]test_acc:  0.5909090909090909
[0.24415847 0.0676805  0.13727282 0.15284664 0.03939425 0.05887216
 0.08722881 0.16912085 0.04342548]test_acc:  0.9090909090909091
[0.11820244 0.09440331 0.14677868 0.13528817 0.13360146 0.06511734
 0.09316681 0.15982057 0.05362123]test_acc:  0.6666666666666666
[0.20946338 0.03366446 0.23947844 0.15192537 0.03112781 0.10426201
 0.03613459 0.15838454 0.0355594 ]test_acc:  0.25
[0.20124981 0.05341349 0.11276066 0.17484128 0.10807963 0.07135115
 0.10108075 0.16679687 0.01042637]test_acc:  0.65
[0.1471123  0.09719419 0.16211266 0.14966289 0.07006883 0.06564823
 0.11122223 0.16243842 0.03454025]test_acc:  0.6666666666666666
