[[ 1.51756 13.15     3.61    ...  8.24     0.       0.     ]
 [ 1.51918 14.04     3.58    ...  8.3      0.       0.     ]
 [ 1.51755 13.       3.6     ...  8.4      0.       0.11   ]
 ...
 [ 1.51653 11.95     0.      ...  8.93     0.       0.     ]
 [ 1.51831 14.39     0.      ...  6.47     2.88     0.     ]
 [ 1.5164  14.37     0.      ...  9.45     0.54     0.     ]]test_acc:  0.391304347826087
[[ 1.52101 13.64     4.49    ...  8.75     0.       0.     ]
 [ 1.51761 13.89     3.6     ...  7.83     0.       0.     ]
 [ 1.51618 13.53     3.55    ...  7.78     0.       0.     ]
 ...
 [ 1.51831 14.39     0.      ...  6.47     2.88     0.     ]
 [ 1.5164  14.37     0.      ...  9.45     0.54     0.     ]
 [ 1.51623 14.14     0.      ...  9.18     1.06     0.     ]]test_acc:  0.5652173913043478
[[ 1.52101 13.64     4.49    ...  8.75     0.       0.     ]
 [ 1.51761 13.89     3.6     ...  7.83     0.       0.     ]
 [ 1.51618 13.53     3.55    ...  7.78     0.       0.     ]
 ...
 [ 1.51514 14.85     0.      ...  8.39     0.56     0.     ]
 [ 1.51831 14.39     0.      ...  6.47     2.88     0.     ]
 [ 1.5164  14.37     0.      ...  9.45     0.54     0.     ]]test_acc:  0.7391304347826086
[[ 1.52101 13.64     4.49    ...  8.75     0.       0.     ]
 [ 1.51761 13.89     3.6     ...  7.83     0.       0.     ]
 [ 1.51618 13.53     3.55    ...  7.78     0.       0.     ]
 ...
 [ 1.51617 14.95     0.      ...  8.71     0.67     0.     ]
 [ 1.51831 14.39     0.      ...  6.47     2.88     0.     ]
 [ 1.5164  14.37     0.      ...  9.45     0.54     0.     ]]test_acc:  0.5
[[ 1.52101 13.64     4.49    ...  8.75     0.       0.     ]
 [ 1.51761 13.89     3.6     ...  7.83     0.       0.     ]
 [ 1.51618 13.53     3.55    ...  7.78     0.       0.     ]
 ...
 [ 1.51617 14.95     0.      ...  8.71     0.67     0.     ]
 [ 1.51831 14.39     0.      ...  6.47     2.88     0.     ]
 [ 1.5164  14.37     0.      ...  9.45     0.54     0.     ]]test_acc:  0.5
[[ 1.52101 13.64     4.49    ...  8.75     0.       0.     ]
 [ 1.51761 13.89     3.6     ...  7.83     0.       0.     ]
 [ 1.51618 13.53     3.55    ...  7.78     0.       0.     ]
 ...
 [ 1.51617 14.95     0.      ...  8.71     0.67     0.     ]
 [ 1.51831 14.39     0.      ...  6.47     2.88     0.     ]
 [ 1.5164  14.37     0.      ...  9.45     0.54     0.     ]]test_acc:  0.7727272727272727
[[ 1.52101 13.64     4.49    ...  8.75     0.       0.     ]
 [ 1.51761 13.89     3.6     ...  7.83     0.       0.     ]
 [ 1.51618 13.53     3.55    ...  7.78     0.       0.     ]
 ...
 [ 1.51653 11.95     0.      ...  8.93     0.       0.     ]
 [ 1.51831 14.39     0.      ...  6.47     2.88     0.     ]
 [ 1.5164  14.37     0.      ...  9.45     0.54     0.     ]]test_acc:  0.8095238095238095
[[ 1.52101 13.64     4.49    ...  8.75     0.       0.     ]
 [ 1.51761 13.89     3.6     ...  7.83     0.       0.     ]
 [ 1.51618 13.53     3.55    ...  7.78     0.       0.     ]
 ...
 [ 1.51653 11.95     0.      ...  8.93     0.       0.     ]
 [ 1.51514 14.85     0.      ...  8.39     0.56     0.     ]
 [ 1.51623 14.14     0.      ...  9.18     1.06     0.     ]]test_acc:  0.65
[[ 1.52101 13.64     4.49    ...  8.75     0.       0.     ]
 [ 1.51761 13.89     3.6     ...  7.83     0.       0.     ]
 [ 1.51618 13.53     3.55    ...  7.78     0.       0.     ]
 ...
 [ 1.51617 14.95     0.      ...  8.71     0.67     0.     ]
 [ 1.51831 14.39     0.      ...  6.47     2.88     0.     ]
 [ 1.5164  14.37     0.      ...  9.45     0.54     0.     ]]test_acc:  0.75
[[ 1.52101 13.64     4.49    ...  8.75     0.       0.     ]
 [ 1.51761 13.89     3.6     ...  7.83     0.       0.     ]
 [ 1.51618 13.53     3.55    ...  7.78     0.       0.     ]
 ...
 [ 1.51653 11.95     0.      ...  8.93     0.       0.     ]
 [ 1.51831 14.39     0.      ...  6.47     2.88     0.     ]
 [ 1.5164  14.37     0.      ...  9.45     0.54     0.     ]]test_acc:  0.7777777777777778
