[0.32984293 0.35602094 0.07853403 0.05759162 0.04188482 0.13612565][63. 68. 15. 11.  8. 26.]test_acc:  0.391304347826087
[0.32984293 0.35602094 0.07853403 0.05759162 0.04188482 0.13612565][63. 68. 15. 11.  8. 26.]test_acc:  0.391304347826087
[0.32984293 0.35602094 0.07853403 0.05759162 0.04188482 0.13612565][63. 68. 15. 11.  8. 26.]test_acc:  0.30434782608695654
[0.328125   0.35416667 0.078125   0.0625     0.04166667 0.13541667][63. 68. 15. 12.  8. 26.]test_acc:  0.6363636363636364
[0.328125   0.35416667 0.078125   0.0625     0.04166667 0.13541667][63. 68. 15. 12.  8. 26.]test_acc:  0.5454545454545454
[0.328125   0.35416667 0.078125   0.0625     0.04166667 0.13541667][63. 68. 15. 12.  8. 26.]test_acc:  0.5
[0.32642487 0.35751295 0.07772021 0.06217617 0.04145078 0.13471503][63. 69. 15. 12.  8. 26.]test_acc:  0.47619047619047616
[0.32474227 0.3556701  0.08247423 0.06185567 0.04123711 0.13402062][63. 69. 16. 12.  8. 26.]test_acc:  0.6
[0.32474227 0.3556701  0.08247423 0.06185567 0.04123711 0.13402062][63. 69. 16. 12.  8. 26.]test_acc:  0.15
[0.32142857 0.35204082 0.08163265 0.06122449 0.04591837 0.1377551 ][63. 69. 16. 12.  9. 27.]test_acc:  0.3333333333333333
