[0.46192599 0.04260778 0.00878275 0.19023864 0.0747597  0.02282945
 0.11813728 0.04034731 0.01344568 0.02692541]test_acc:  0.930783242258652
[0.44159318 0.00552416 0.00838184 0.24900272 0.0707209  0.03275292
 0.10592645 0.0454619  0.01971665 0.0209193 ]test_acc:  0.9744990892531876
[0.44801209 0.01063996 0.01127771 0.23644165 0.0886912  0.03170577
 0.10365036 0.02867755 0.01905734 0.02184637]test_acc:  0.9508196721311475
[0.4499105  0.01432966 0.01842863 0.25455831 0.07773644 0.01867548
 0.09557246 0.0232895  0.01309953 0.03439947]test_acc:  0.9543795620437956
[0.44974423 0.01090293 0.01153066 0.24422538 0.08385584 0.01419273
 0.09919489 0.03509546 0.01564375 0.03561413]test_acc:  0.9726277372262774
[0.44120691 0.01595765 0.00394204 0.2262476  0.0854432  0.01643267
 0.09402832 0.04556399 0.0282552  0.04292241]test_acc:  0.9689213893967094
[0.45562466 0.00649011 0.0082903  0.27521452 0.07242947 0.01940628
 0.10569122 0.01977239 0.01718391 0.01989714]test_acc:  0.9561243144424132
[0.47637845 0.00771366 0.01576295 0.25879416 0.07411502 0.02163224
 0.07358323 0.03586357 0.01770519 0.01845153]test_acc:  0.9579524680073126
[0.49443653 0.00857632 0.01341009 0.19526826 0.06996126 0.01778889
 0.10704966 0.056047   0.01595082 0.02151117]test_acc:  0.9577981651376147
[0.4762002  0.00151197 0.01759439 0.25012366 0.13107131 0.03128511
 0.04320449 0.02808197 0.00939969 0.01152721]test_acc:  0.9227941176470589
