[[16.63   15.46    0.8747  6.053   3.465   2.04    5.877 ]
 [16.44   15.25    0.888   5.884   3.505   1.969   5.533 ]
 [15.26   14.85    0.8696  5.714   3.242   4.543   5.314 ]
 [13.99   13.83    0.9183  5.119   3.383   5.234   4.781 ]
 [12.72   13.57    0.8686  5.226   3.049   4.102   4.914 ]
 [12.08   13.23    0.8664  5.099   2.936   1.415   4.961 ]
 [16.19   15.16    0.8849  5.833   3.421   0.903   5.307 ]
 [13.02   13.76    0.8641  5.395   3.026   3.373   4.825 ]
 [12.74   13.67    0.8564  5.395   2.956   2.504   4.869 ]
 [13.45   14.02    0.8604  5.516   3.065   3.531   5.097 ]
 [13.16   13.82    0.8662  5.454   2.975   0.8551  5.056 ]
 [15.49   14.94    0.8724  5.757   3.371   3.412   5.228 ]
 [16.12   15.      0.9     5.709   3.485   2.27    5.443 ]
 [16.2    15.27    0.8734  5.826   3.464   2.823   5.527 ]
 [17.08   15.38    0.9079  5.832   3.683   2.956   5.484 ]
 [14.8    14.52    0.8823  5.656   3.288   3.112   5.309 ]
 [14.28   14.17    0.8944  5.397   3.298   6.685   5.001 ]
 [13.16   13.55    0.9009  5.138   3.201   2.461   4.783 ]
 [15.5    14.86    0.882   5.877   3.396   4.711   5.528 ]
 [15.11   14.54    0.8986  5.579   3.462   3.128   5.18  ]
 [15.78   14.91    0.8923  5.674   3.434   5.593   5.136 ]
 [14.49   14.61    0.8538  5.715   3.113   4.116   5.396 ]
 [12.11   13.47    0.8392  5.159   3.032   1.502   4.519 ]
 [11.42   12.86    0.8683  5.008   2.85    2.7     4.607 ]
 [11.23   12.63    0.884   4.902   2.879   2.269   4.703 ]
 [12.36   13.19    0.8923  5.076   3.042   3.22    4.605 ]
 [13.22   13.84    0.868   5.395   3.07    4.157   5.088 ]
 [12.88   13.5     0.8879  5.139   3.119   2.352   4.607 ]
 [12.73   13.75    0.8458  5.412   2.882   3.533   5.067 ]
 [17.12   15.55    0.8892  5.85    3.566   2.858   5.746 ]
 [16.53   15.34    0.8823  5.875   3.467   5.532   5.88  ]
 [19.57   16.74    0.8779  6.384   3.772   1.472   6.273 ]
 [21.18   17.21    0.8989  6.573   4.033   5.78    6.231 ]
 [20.1    16.99    0.8746  6.581   3.785   1.955   6.449 ]
 [18.59   16.05    0.9066  6.037   3.86    6.001   5.877 ]
 [18.36   16.52    0.8452  6.666   3.485   4.933   6.448 ]
 [17.99   15.86    0.8992  5.89    3.694   2.068   5.837 ]
 [18.55   16.22    0.8865  6.153   3.674   1.738   5.894 ]
 [19.14   16.61    0.8722  6.259   3.737   6.682   6.053 ]
 [20.97   17.25    0.8859  6.563   3.991   4.677   6.316 ]
 [16.17   15.38    0.8588  5.762   3.387   4.286   5.703 ]
 [15.99   14.89    0.9064  5.363   3.582   3.336   5.144 ]
 [17.98   15.85    0.8993  5.979   3.687   2.257   5.919 ]
 [20.16   17.03    0.8735  6.513   3.773   1.91    6.185 ]
 [15.38   14.9     0.8706  5.884   3.268   4.462   5.795 ]
 [16.16   15.33    0.8644  5.845   3.395   4.266   5.795 ]
 [15.56   14.89    0.8823  5.776   3.408   4.972   5.847 ]
 [15.38   14.66    0.899   5.477   3.465   3.6     5.439 ]
 [15.57   15.15    0.8527  5.92    3.231   2.64    5.879 ]
 [15.6    15.11    0.858   5.832   3.286   2.725   5.752 ]
 [16.23   15.18    0.885   5.872   3.472   3.769   5.922 ]
 [12.7    13.71    0.8491  5.386   2.911   3.26    5.316 ]
 [11.18   13.04    0.8266  5.22    2.693   3.332   5.001 ]
 [11.34   12.87    0.8596  5.053   2.849   3.347   5.003 ]
 [12.54   13.67    0.8425  5.451   2.879   3.082   5.491 ]
 [12.55   13.57    0.8558  5.333   2.968   4.419   5.176 ]
 [12.1    13.15    0.8793  5.105   2.941   2.201   5.056 ]
 [12.21   13.47    0.8453  5.357   2.893   1.661   5.178 ]
 [12.89   13.77    0.8541  5.495   3.026   6.185   5.316 ]
 [11.23   12.82    0.8594  5.089   2.821   7.524   4.957 ]
 [10.59   12.41    0.8648  4.899   2.787   4.975   4.794 ]
 [12.8    13.47    0.886   5.16    3.126   4.873   4.914 ]
 [12.79   13.53    0.8786  5.224   3.054   5.483   4.958 ]
 [13.37   13.78    0.8849  5.32    3.128   4.67    5.091 ]
 [12.62   13.67    0.8481  5.41    2.911   3.306   5.231 ]
 [12.76   13.38    0.8964  5.073   3.155   2.828   4.83  ]
 [12.67   13.32    0.8977  4.984   3.135   2.3     4.745 ]
 [12.7    13.41    0.8874  5.183   3.091   8.456   5.    ]
 [12.37   13.47    0.8567  5.204   2.96    3.919   5.001 ]
 [12.19   13.2     0.8783  5.137   2.981   3.631   4.87  ]
 [13.2    13.66    0.8883  5.236   3.232   8.315   5.056 ]]test_acc:  1.0
[[16.14   14.99    0.9034  5.658   3.562   1.355   5.175 ]
 [14.69   14.49    0.8799  5.563   3.259   3.586   5.219 ]
 [13.99   13.83    0.9183  5.119   3.383   5.234   4.781 ]
 [12.72   13.57    0.8686  5.226   3.049   4.102   4.914 ]
 [12.08   13.23    0.8664  5.099   2.936   1.415   4.961 ]
 [16.19   15.16    0.8849  5.833   3.421   0.903   5.307 ]
 [13.02   13.76    0.8641  5.395   3.026   3.373   4.825 ]
 [12.74   13.67    0.8564  5.395   2.956   2.504   4.869 ]
 [13.45   14.02    0.8604  5.516   3.065   3.531   5.097 ]
 [13.16   13.82    0.8662  5.454   2.975   0.8551  5.056 ]
 [15.49   14.94    0.8724  5.757   3.371   3.412   5.228 ]
 [14.09   14.41    0.8529  5.717   3.186   3.92    5.299 ]
 [16.12   15.      0.9     5.709   3.485   2.27    5.443 ]
 [16.2    15.27    0.8734  5.826   3.464   2.823   5.527 ]
 [17.08   15.38    0.9079  5.832   3.683   2.956   5.484 ]
 [14.8    14.52    0.8823  5.656   3.288   3.112   5.309 ]
 [14.28   14.17    0.8944  5.397   3.298   6.685   5.001 ]
 [13.16   13.55    0.9009  5.138   3.201   2.461   4.783 ]
 [15.5    14.86    0.882   5.877   3.396   4.711   5.528 ]
 [15.11   14.54    0.8986  5.579   3.462   3.128   5.18  ]
 [15.78   14.91    0.8923  5.674   3.434   5.593   5.136 ]
 [14.49   14.61    0.8538  5.715   3.113   4.116   5.396 ]
 [12.11   13.47    0.8392  5.159   3.032   1.502   4.519 ]
 [11.42   12.86    0.8683  5.008   2.85    2.7     4.607 ]
 [11.23   12.63    0.884   4.902   2.879   2.269   4.703 ]
 [12.36   13.19    0.8923  5.076   3.042   3.22    4.605 ]
 [13.22   13.84    0.868   5.395   3.07    4.157   5.088 ]
 [12.88   13.5     0.8879  5.139   3.119   2.352   4.607 ]
 [12.73   13.75    0.8458  5.412   2.882   3.533   5.067 ]
 [21.18   17.21    0.8989  6.573   4.033   5.78    6.231 ]
 [20.1    16.99    0.8746  6.581   3.785   1.955   6.449 ]
 [18.59   16.05    0.9066  6.037   3.86    6.001   5.877 ]
 [18.36   16.52    0.8452  6.666   3.485   4.933   6.448 ]
 [16.41   15.25    0.8866  5.718   3.525   4.217   5.618 ]
 [17.99   15.86    0.8992  5.89    3.694   2.068   5.837 ]
 [18.55   16.22    0.8865  6.153   3.674   1.738   5.894 ]
 [19.14   16.61    0.8722  6.259   3.737   6.682   6.053 ]
 [20.97   17.25    0.8859  6.563   3.991   4.677   6.316 ]
 [16.17   15.38    0.8588  5.762   3.387   4.286   5.703 ]
 [15.99   14.89    0.9064  5.363   3.582   3.336   5.144 ]
 [17.98   15.85    0.8993  5.979   3.687   2.257   5.919 ]
 [20.16   17.03    0.8735  6.513   3.773   1.91    6.185 ]
 [15.38   14.9     0.8706  5.884   3.268   4.462   5.795 ]
 [15.56   14.89    0.8823  5.776   3.408   4.972   5.847 ]
 [15.38   14.66    0.899   5.477   3.465   3.6     5.439 ]
 [15.57   15.15    0.8527  5.92    3.231   2.64    5.879 ]
 [15.6    15.11    0.858   5.832   3.286   2.725   5.752 ]
 [16.23   15.18    0.885   5.872   3.472   3.769   5.922 ]
 [13.07   13.92    0.848   5.472   2.994   5.304   5.395 ]
 [13.34   13.95    0.862   5.389   3.074   5.995   5.307 ]
 [11.43   13.13    0.8335  5.176   2.719   2.221   5.132 ]
 [11.34   12.87    0.8596  5.053   2.849   3.347   5.003 ]
 [12.54   13.67    0.8425  5.451   2.879   3.082   5.491 ]
 [12.1    13.15    0.8793  5.105   2.941   2.201   5.056 ]
 [12.15   13.45    0.8443  5.417   2.837   3.638   5.338 ]
 [12.21   13.47    0.8453  5.357   2.893   1.661   5.178 ]
 [11.23   12.82    0.8594  5.089   2.821   7.524   4.957 ]
 [10.59   12.41    0.8648  4.899   2.787   4.975   4.794 ]
 [12.8    13.47    0.886   5.16    3.126   4.873   4.914 ]
 [13.37   13.78    0.8849  5.32    3.128   4.67    5.091 ]
 [12.62   13.67    0.8481  5.41    2.911   3.306   5.231 ]
 [12.76   13.38    0.8964  5.073   3.155   2.828   4.83  ]
 [12.67   13.32    0.8977  4.984   3.135   2.3     4.745 ]
 [12.37   13.47    0.8567  5.204   2.96    3.919   5.001 ]
 [12.19   13.2     0.8783  5.137   2.981   3.631   4.87  ]
 [13.2    13.66    0.8883  5.236   3.232   8.315   5.056 ]]test_acc:  0.9523809523809523
[[14.69   14.49    0.8799  5.563   3.259   3.586   5.219 ]
 [16.63   15.46    0.8747  6.053   3.465   2.04    5.877 ]
 [16.44   15.25    0.888   5.884   3.505   1.969   5.533 ]
 [15.26   14.85    0.8696  5.714   3.242   4.543   5.314 ]
 [13.89   14.02    0.888   5.439   3.199   3.986   4.738 ]
 [12.08   13.23    0.8664  5.099   2.936   1.415   4.961 ]
 [16.19   15.16    0.8849  5.833   3.421   0.903   5.307 ]
 [13.02   13.76    0.8641  5.395   3.026   3.373   4.825 ]
 [12.74   13.67    0.8564  5.395   2.956   2.504   4.869 ]
 [13.45   14.02    0.8604  5.516   3.065   3.531   5.097 ]
 [13.16   13.82    0.8662  5.454   2.975   0.8551  5.056 ]
 [15.49   14.94    0.8724  5.757   3.371   3.412   5.228 ]
 [16.12   15.      0.9     5.709   3.485   2.27    5.443 ]
 [16.2    15.27    0.8734  5.826   3.464   2.823   5.527 ]
 [17.08   15.38    0.9079  5.832   3.683   2.956   5.484 ]
 [14.28   14.17    0.8944  5.397   3.298   6.685   5.001 ]
 [13.16   13.55    0.9009  5.138   3.201   2.461   4.783 ]
 [15.5    14.86    0.882   5.877   3.396   4.711   5.528 ]
 [15.11   14.54    0.8986  5.579   3.462   3.128   5.18  ]
 [15.78   14.91    0.8923  5.674   3.434   5.593   5.136 ]
 [14.49   14.61    0.8538  5.715   3.113   4.116   5.396 ]
 [12.11   13.47    0.8392  5.159   3.032   1.502   4.519 ]
 [11.42   12.86    0.8683  5.008   2.85    2.7     4.607 ]
 [11.23   12.63    0.884   4.902   2.879   2.269   4.703 ]
 [12.36   13.19    0.8923  5.076   3.042   3.22    4.605 ]
 [13.22   13.84    0.868   5.395   3.07    4.157   5.088 ]
 [12.88   13.5     0.8879  5.139   3.119   2.352   4.607 ]
 [12.73   13.75    0.8458  5.412   2.882   3.533   5.067 ]
 [17.12   15.55    0.8892  5.85    3.566   2.858   5.746 ]
 [16.53   15.34    0.8823  5.875   3.467   5.532   5.88  ]
 [19.57   16.74    0.8779  6.384   3.772   1.472   6.273 ]
 [17.99   15.86    0.8992  5.89    3.694   2.068   5.837 ]
 [18.55   16.22    0.8865  6.153   3.674   1.738   5.894 ]
 [19.14   16.61    0.8722  6.259   3.737   6.682   6.053 ]
 [20.97   17.25    0.8859  6.563   3.991   4.677   6.316 ]
 [16.17   15.38    0.8588  5.762   3.387   4.286   5.703 ]
 [15.99   14.89    0.9064  5.363   3.582   3.336   5.144 ]
 [17.98   15.85    0.8993  5.979   3.687   2.257   5.919 ]
 [20.16   17.03    0.8735  6.513   3.773   1.91    6.185 ]
 [15.38   14.9     0.8706  5.884   3.268   4.462   5.795 ]
 [16.16   15.33    0.8644  5.845   3.395   4.266   5.795 ]
 [15.56   14.89    0.8823  5.776   3.408   4.972   5.847 ]
 [15.38   14.66    0.899   5.477   3.465   3.6     5.439 ]
 [15.57   15.15    0.8527  5.92    3.231   2.64    5.879 ]
 [15.6    15.11    0.858   5.832   3.286   2.725   5.752 ]
 [16.23   15.18    0.885   5.872   3.472   3.769   5.922 ]
 [13.07   13.92    0.848   5.472   2.994   5.304   5.395 ]
 [13.34   13.95    0.862   5.389   3.074   5.995   5.307 ]
 [11.43   13.13    0.8335  5.176   2.719   2.221   5.132 ]
 [12.7    13.71    0.8491  5.386   2.911   3.26    5.316 ]
 [11.18   13.04    0.8266  5.22    2.693   3.332   5.001 ]
 [12.1    13.15    0.8793  5.105   2.941   2.201   5.056 ]
 [12.15   13.45    0.8443  5.417   2.837   3.638   5.338 ]
 [12.21   13.47    0.8453  5.357   2.893   1.661   5.178 ]
 [11.23   12.82    0.8594  5.089   2.821   7.524   4.957 ]
 [10.59   12.41    0.8648  4.899   2.787   4.975   4.794 ]
 [12.8    13.47    0.886   5.16    3.126   4.873   4.914 ]
 [13.37   13.78    0.8849  5.32    3.128   4.67    5.091 ]
 [12.62   13.67    0.8481  5.41    2.911   3.306   5.231 ]
 [12.76   13.38    0.8964  5.073   3.155   2.828   4.83  ]
 [12.67   13.32    0.8977  4.984   3.135   2.3     4.745 ]
 [12.37   13.47    0.8567  5.204   2.96    3.919   5.001 ]
 [12.19   13.2     0.8783  5.137   2.981   3.631   4.87  ]
 [13.2    13.66    0.8883  5.236   3.232   8.315   5.056 ]]test_acc:  0.9523809523809523
[[16.14   14.99    0.9034  5.658   3.562   1.355   5.175 ]
 [14.69   14.49    0.8799  5.563   3.259   3.586   5.219 ]
 [16.63   15.46    0.8747  6.053   3.465   2.04    5.877 ]
 [16.44   15.25    0.888   5.884   3.505   1.969   5.533 ]
 [15.26   14.85    0.8696  5.714   3.242   4.543   5.314 ]
 [13.89   14.02    0.888   5.439   3.199   3.986   4.738 ]
 [13.99   13.83    0.9183  5.119   3.383   5.234   4.781 ]
 [12.72   13.57    0.8686  5.226   3.049   4.102   4.914 ]
 [13.45   14.02    0.8604  5.516   3.065   3.531   5.097 ]
 [13.16   13.82    0.8662  5.454   2.975   0.8551  5.056 ]
 [15.49   14.94    0.8724  5.757   3.371   3.412   5.228 ]
 [16.12   15.      0.9     5.709   3.485   2.27    5.443 ]
 [16.2    15.27    0.8734  5.826   3.464   2.823   5.527 ]
 [17.08   15.38    0.9079  5.832   3.683   2.956   5.484 ]
 [14.8    14.52    0.8823  5.656   3.288   3.112   5.309 ]
 [14.28   14.17    0.8944  5.397   3.298   6.685   5.001 ]
 [13.54   13.85    0.8871  5.348   3.156   2.587   5.178 ]
 [13.16   13.55    0.9009  5.138   3.201   2.461   4.783 ]
 [15.5    14.86    0.882   5.877   3.396   4.711   5.528 ]
 [15.11   14.54    0.8986  5.579   3.462   3.128   5.18  ]
 [15.78   14.91    0.8923  5.674   3.434   5.593   5.136 ]
 [14.49   14.61    0.8538  5.715   3.113   4.116   5.396 ]
 [12.11   13.47    0.8392  5.159   3.032   1.502   4.519 ]
 [11.42   12.86    0.8683  5.008   2.85    2.7     4.607 ]
 [11.23   12.63    0.884   4.902   2.879   2.269   4.703 ]
 [12.36   13.19    0.8923  5.076   3.042   3.22    4.605 ]
 [13.22   13.84    0.868   5.395   3.07    4.157   5.088 ]
 [12.78   13.57    0.8716  5.262   3.026   1.176   4.782 ]
 [12.88   13.5     0.8879  5.139   3.119   2.352   4.607 ]
 [12.73   13.75    0.8458  5.412   2.882   3.533   5.067 ]
 [17.12   15.55    0.8892  5.85    3.566   2.858   5.746 ]
 [16.53   15.34    0.8823  5.875   3.467   5.532   5.88  ]
 [19.57   16.74    0.8779  6.384   3.772   1.472   6.273 ]
 [21.18   17.21    0.8989  6.573   4.033   5.78    6.231 ]
 [20.1    16.99    0.8746  6.581   3.785   1.955   6.449 ]
 [17.99   15.86    0.8992  5.89    3.694   2.068   5.837 ]
 [18.55   16.22    0.8865  6.153   3.674   1.738   5.894 ]
 [19.14   16.61    0.8722  6.259   3.737   6.682   6.053 ]
 [20.97   17.25    0.8859  6.563   3.991   4.677   6.316 ]
 [16.17   15.38    0.8588  5.762   3.387   4.286   5.703 ]
 [15.99   14.89    0.9064  5.363   3.582   3.336   5.144 ]
 [17.98   15.85    0.8993  5.979   3.687   2.257   5.919 ]
 [20.16   17.03    0.8735  6.513   3.773   1.91    6.185 ]
 [15.38   14.9     0.8706  5.884   3.268   4.462   5.795 ]
 [16.16   15.33    0.8644  5.845   3.395   4.266   5.795 ]
 [15.56   14.89    0.8823  5.776   3.408   4.972   5.847 ]
 [15.38   14.66    0.899   5.477   3.465   3.6     5.439 ]
 [15.57   15.15    0.8527  5.92    3.231   2.64    5.879 ]
 [15.6    15.11    0.858   5.832   3.286   2.725   5.752 ]
 [16.23   15.18    0.885   5.872   3.472   3.769   5.922 ]
 [13.07   13.92    0.848   5.472   2.994   5.304   5.395 ]
 [13.32   13.94    0.8613  5.541   3.073   7.035   5.44  ]
 [13.34   13.95    0.862   5.389   3.074   5.995   5.307 ]
 [11.43   13.13    0.8335  5.176   2.719   2.221   5.132 ]
 [12.7    13.71    0.8491  5.386   2.911   3.26    5.316 ]
 [11.34   12.87    0.8596  5.053   2.849   3.347   5.003 ]
 [12.54   13.67    0.8425  5.451   2.879   3.082   5.491 ]
 [12.21   13.47    0.8453  5.357   2.893   1.661   5.178 ]
 [11.23   12.82    0.8594  5.089   2.821   7.524   4.957 ]
 [10.59   12.41    0.8648  4.899   2.787   4.975   4.794 ]
 [12.8    13.47    0.886   5.16    3.126   4.873   4.914 ]
 [13.37   13.78    0.8849  5.32    3.128   4.67    5.091 ]
 [12.62   13.67    0.8481  5.41    2.911   3.306   5.231 ]
 [12.76   13.38    0.8964  5.073   3.155   2.828   4.83  ]
 [12.67   13.32    0.8977  4.984   3.135   2.3     4.745 ]
 [12.37   13.47    0.8567  5.204   2.96    3.919   5.001 ]
 [12.19   13.2     0.8783  5.137   2.981   3.631   4.87  ]
 [13.2    13.66    0.8883  5.236   3.232   8.315   5.056 ]]test_acc:  0.9523809523809523
[[14.69   14.49    0.8799  5.563   3.259   3.586   5.219 ]
 [16.63   15.46    0.8747  6.053   3.465   2.04    5.877 ]
 [16.44   15.25    0.888   5.884   3.505   1.969   5.533 ]
 [15.26   14.85    0.8696  5.714   3.242   4.543   5.314 ]
 [13.89   14.02    0.888   5.439   3.199   3.986   4.738 ]
 [13.99   13.83    0.9183  5.119   3.383   5.234   4.781 ]
 [12.72   13.57    0.8686  5.226   3.049   4.102   4.914 ]
 [12.08   13.23    0.8664  5.099   2.936   1.415   4.961 ]
 [16.19   15.16    0.8849  5.833   3.421   0.903   5.307 ]
 [13.02   13.76    0.8641  5.395   3.026   3.373   4.825 ]
 [12.74   13.67    0.8564  5.395   2.956   2.504   4.869 ]
 [16.12   15.      0.9     5.709   3.485   2.27    5.443 ]
 [16.2    15.27    0.8734  5.826   3.464   2.823   5.527 ]
 [17.08   15.38    0.9079  5.832   3.683   2.956   5.484 ]
 [14.8    14.52    0.8823  5.656   3.288   3.112   5.309 ]
 [14.28   14.17    0.8944  5.397   3.298   6.685   5.001 ]
 [13.54   13.85    0.8871  5.348   3.156   2.587   5.178 ]
 [13.16   13.55    0.9009  5.138   3.201   2.461   4.783 ]
 [15.5    14.86    0.882   5.877   3.396   4.711   5.528 ]
 [15.11   14.54    0.8986  5.579   3.462   3.128   5.18  ]
 [15.78   14.91    0.8923  5.674   3.434   5.593   5.136 ]
 [14.49   14.61    0.8538  5.715   3.113   4.116   5.396 ]
 [12.11   13.47    0.8392  5.159   3.032   1.502   4.519 ]
 [11.42   12.86    0.8683  5.008   2.85    2.7     4.607 ]
 [11.23   12.63    0.884   4.902   2.879   2.269   4.703 ]
 [12.36   13.19    0.8923  5.076   3.042   3.22    4.605 ]
 [13.22   13.84    0.868   5.395   3.07    4.157   5.088 ]
 [12.78   13.57    0.8716  5.262   3.026   1.176   4.782 ]
 [12.88   13.5     0.8879  5.139   3.119   2.352   4.607 ]
 [12.73   13.75    0.8458  5.412   2.882   3.533   5.067 ]
 [17.12   15.55    0.8892  5.85    3.566   2.858   5.746 ]
 [16.53   15.34    0.8823  5.875   3.467   5.532   5.88  ]
 [19.57   16.74    0.8779  6.384   3.772   1.472   6.273 ]
 [21.18   17.21    0.8989  6.573   4.033   5.78    6.231 ]
 [20.1    16.99    0.8746  6.581   3.785   1.955   6.449 ]
 [18.59   16.05    0.9066  6.037   3.86    6.001   5.877 ]
 [18.36   16.52    0.8452  6.666   3.485   4.933   6.448 ]
 [18.55   16.22    0.8865  6.153   3.674   1.738   5.894 ]
 [19.14   16.61    0.8722  6.259   3.737   6.682   6.053 ]
 [20.97   17.25    0.8859  6.563   3.991   4.677   6.316 ]
 [16.17   15.38    0.8588  5.762   3.387   4.286   5.703 ]
 [15.99   14.89    0.9064  5.363   3.582   3.336   5.144 ]
 [17.98   15.85    0.8993  5.979   3.687   2.257   5.919 ]
 [20.16   17.03    0.8735  6.513   3.773   1.91    6.185 ]
 [15.38   14.9     0.8706  5.884   3.268   4.462   5.795 ]
 [16.16   15.33    0.8644  5.845   3.395   4.266   5.795 ]
 [15.56   14.89    0.8823  5.776   3.408   4.972   5.847 ]
 [15.38   14.66    0.899   5.477   3.465   3.6     5.439 ]
 [15.57   15.15    0.8527  5.92    3.231   2.64    5.879 ]
 [15.6    15.11    0.858   5.832   3.286   2.725   5.752 ]
 [16.23   15.18    0.885   5.872   3.472   3.769   5.922 ]
 [13.07   13.92    0.848   5.472   2.994   5.304   5.395 ]
 [13.32   13.94    0.8613  5.541   3.073   7.035   5.44  ]
 [13.34   13.95    0.862   5.389   3.074   5.995   5.307 ]
 [11.43   13.13    0.8335  5.176   2.719   2.221   5.132 ]
 [12.7    13.71    0.8491  5.386   2.911   3.26    5.316 ]
 [11.34   12.87    0.8596  5.053   2.849   3.347   5.003 ]
 [12.54   13.67    0.8425  5.451   2.879   3.082   5.491 ]
 [12.1    13.15    0.8793  5.105   2.941   2.201   5.056 ]
 [12.21   13.47    0.8453  5.357   2.893   1.661   5.178 ]
 [11.23   12.82    0.8594  5.089   2.821   7.524   4.957 ]
 [10.59   12.41    0.8648  4.899   2.787   4.975   4.794 ]
 [12.8    13.47    0.886   5.16    3.126   4.873   4.914 ]
 [13.37   13.78    0.8849  5.32    3.128   4.67    5.091 ]
 [12.62   13.67    0.8481  5.41    2.911   3.306   5.231 ]
 [12.76   13.38    0.8964  5.073   3.155   2.828   4.83  ]
 [12.67   13.32    0.8977  4.984   3.135   2.3     4.745 ]
 [12.37   13.47    0.8567  5.204   2.96    3.919   5.001 ]
 [12.19   13.2     0.8783  5.137   2.981   3.631   4.87  ]
 [13.2    13.66    0.8883  5.236   3.232   8.315   5.056 ]]test_acc:  1.0
[[16.14   14.99    0.9034  5.658   3.562   1.355   5.175 ]
 [16.63   15.46    0.8747  6.053   3.465   2.04    5.877 ]
 [16.44   15.25    0.888   5.884   3.505   1.969   5.533 ]
 [15.26   14.85    0.8696  5.714   3.242   4.543   5.314 ]
 [13.89   14.02    0.888   5.439   3.199   3.986   4.738 ]
 [13.99   13.83    0.9183  5.119   3.383   5.234   4.781 ]
 [12.72   13.57    0.8686  5.226   3.049   4.102   4.914 ]
 [12.08   13.23    0.8664  5.099   2.936   1.415   4.961 ]
 [16.19   15.16    0.8849  5.833   3.421   0.903   5.307 ]
 [13.02   13.76    0.8641  5.395   3.026   3.373   4.825 ]
 [12.74   13.67    0.8564  5.395   2.956   2.504   4.869 ]
 [13.45   14.02    0.8604  5.516   3.065   3.531   5.097 ]
 [13.16   13.82    0.8662  5.454   2.975   0.8551  5.056 ]
 [15.49   14.94    0.8724  5.757   3.371   3.412   5.228 ]
 [13.16   13.55    0.9009  5.138   3.201   2.461   4.783 ]
 [15.5    14.86    0.882   5.877   3.396   4.711   5.528 ]
 [15.11   14.54    0.8986  5.579   3.462   3.128   5.18  ]
 [14.99   14.56    0.8883  5.57    3.377   2.958   5.175 ]
 [15.78   14.91    0.8923  5.674   3.434   5.593   5.136 ]
 [14.49   14.61    0.8538  5.715   3.113   4.116   5.396 ]
 [12.11   13.47    0.8392  5.159   3.032   1.502   4.519 ]
 [11.42   12.86    0.8683  5.008   2.85    2.7     4.607 ]
 [11.23   12.63    0.884   4.902   2.879   2.269   4.703 ]
 [12.36   13.19    0.8923  5.076   3.042   3.22    4.605 ]
 [13.22   13.84    0.868   5.395   3.07    4.157   5.088 ]
 [12.88   13.5     0.8879  5.139   3.119   2.352   4.607 ]
 [12.73   13.75    0.8458  5.412   2.882   3.533   5.067 ]
 [17.12   15.55    0.8892  5.85    3.566   2.858   5.746 ]
 [16.53   15.34    0.8823  5.875   3.467   5.532   5.88  ]
 [19.57   16.74    0.8779  6.384   3.772   1.472   6.273 ]
 [21.18   17.21    0.8989  6.573   4.033   5.78    6.231 ]
 [18.59   16.05    0.9066  6.037   3.86    6.001   5.877 ]
 [18.36   16.52    0.8452  6.666   3.485   4.933   6.448 ]
 [17.99   15.86    0.8992  5.89    3.694   2.068   5.837 ]
 [19.14   16.61    0.8722  6.259   3.737   6.682   6.053 ]
 [20.97   17.25    0.8859  6.563   3.991   4.677   6.316 ]
 [16.17   15.38    0.8588  5.762   3.387   4.286   5.703 ]
 [15.99   14.89    0.9064  5.363   3.582   3.336   5.144 ]
 [20.16   17.03    0.8735  6.513   3.773   1.91    6.185 ]
 [15.38   14.9     0.8706  5.884   3.268   4.462   5.795 ]
 [15.56   14.89    0.8823  5.776   3.408   4.972   5.847 ]
 [15.38   14.66    0.899   5.477   3.465   3.6     5.439 ]
 [15.57   15.15    0.8527  5.92    3.231   2.64    5.879 ]
 [15.6    15.11    0.858   5.832   3.286   2.725   5.752 ]
 [16.23   15.18    0.885   5.872   3.472   3.769   5.922 ]
 [13.07   13.92    0.848   5.472   2.994   5.304   5.395 ]
 [13.34   13.95    0.862   5.389   3.074   5.995   5.307 ]
 [11.43   13.13    0.8335  5.176   2.719   2.221   5.132 ]
 [12.7    13.71    0.8491  5.386   2.911   3.26    5.316 ]
 [11.18   13.04    0.8266  5.22    2.693   3.332   5.001 ]
 [11.34   12.87    0.8596  5.053   2.849   3.347   5.003 ]
 [12.54   13.67    0.8425  5.451   2.879   3.082   5.491 ]
 [12.1    13.15    0.8793  5.105   2.941   2.201   5.056 ]
 [11.23   12.82    0.8594  5.089   2.821   7.524   4.957 ]
 [10.59   12.41    0.8648  4.899   2.787   4.975   4.794 ]
 [12.8    13.47    0.886   5.16    3.126   4.873   4.914 ]
 [13.37   13.78    0.8849  5.32    3.128   4.67    5.091 ]
 [12.62   13.67    0.8481  5.41    2.911   3.306   5.231 ]
 [12.76   13.38    0.8964  5.073   3.155   2.828   4.83  ]
 [12.67   13.32    0.8977  4.984   3.135   2.3     4.745 ]
 [12.37   13.47    0.8567  5.204   2.96    3.919   5.001 ]
 [12.19   13.2     0.8783  5.137   2.981   3.631   4.87  ]
 [13.2    13.66    0.8883  5.236   3.232   8.315   5.056 ]]test_acc:  0.8095238095238095
[[14.69   14.49    0.8799  5.563   3.259   3.586   5.219 ]
 [16.63   15.46    0.8747  6.053   3.465   2.04    5.877 ]
 [16.44   15.25    0.888   5.884   3.505   1.969   5.533 ]
 [15.26   14.85    0.8696  5.714   3.242   4.543   5.314 ]
 [13.89   14.02    0.888   5.439   3.199   3.986   4.738 ]
 [13.99   13.83    0.9183  5.119   3.383   5.234   4.781 ]
 [12.72   13.57    0.8686  5.226   3.049   4.102   4.914 ]
 [12.08   13.23    0.8664  5.099   2.936   1.415   4.961 ]
 [16.19   15.16    0.8849  5.833   3.421   0.903   5.307 ]
 [13.02   13.76    0.8641  5.395   3.026   3.373   4.825 ]
 [12.74   13.67    0.8564  5.395   2.956   2.504   4.869 ]
 [13.45   14.02    0.8604  5.516   3.065   3.531   5.097 ]
 [13.16   13.82    0.8662  5.454   2.975   0.8551  5.056 ]
 [15.49   14.94    0.8724  5.757   3.371   3.412   5.228 ]
 [16.12   15.      0.9     5.709   3.485   2.27    5.443 ]
 [16.2    15.27    0.8734  5.826   3.464   2.823   5.527 ]
 [17.08   15.38    0.9079  5.832   3.683   2.956   5.484 ]
 [14.8    14.52    0.8823  5.656   3.288   3.112   5.309 ]
 [14.28   14.17    0.8944  5.397   3.298   6.685   5.001 ]
 [13.54   13.85    0.8871  5.348   3.156   2.587   5.178 ]
 [15.78   14.91    0.8923  5.674   3.434   5.593   5.136 ]
 [14.49   14.61    0.8538  5.715   3.113   4.116   5.396 ]
 [12.11   13.47    0.8392  5.159   3.032   1.502   4.519 ]
 [11.42   12.86    0.8683  5.008   2.85    2.7     4.607 ]
 [11.23   12.63    0.884   4.902   2.879   2.269   4.703 ]
 [12.36   13.19    0.8923  5.076   3.042   3.22    4.605 ]
 [13.22   13.84    0.868   5.395   3.07    4.157   5.088 ]
 [12.78   13.57    0.8716  5.262   3.026   1.176   4.782 ]
 [12.88   13.5     0.8879  5.139   3.119   2.352   4.607 ]
 [12.73   13.75    0.8458  5.412   2.882   3.533   5.067 ]
 [17.12   15.55    0.8892  5.85    3.566   2.858   5.746 ]
 [16.53   15.34    0.8823  5.875   3.467   5.532   5.88  ]
 [19.57   16.74    0.8779  6.384   3.772   1.472   6.273 ]
 [21.18   17.21    0.8989  6.573   4.033   5.78    6.231 ]
 [20.1    16.99    0.8746  6.581   3.785   1.955   6.449 ]
 [18.59   16.05    0.9066  6.037   3.86    6.001   5.877 ]
 [18.36   16.52    0.8452  6.666   3.485   4.933   6.448 ]
 [17.99   15.86    0.8992  5.89    3.694   2.068   5.837 ]
 [18.55   16.22    0.8865  6.153   3.674   1.738   5.894 ]
 [16.17   15.38    0.8588  5.762   3.387   4.286   5.703 ]
 [15.99   14.89    0.9064  5.363   3.582   3.336   5.144 ]
 [17.98   15.85    0.8993  5.979   3.687   2.257   5.919 ]
 [20.16   17.03    0.8735  6.513   3.773   1.91    6.185 ]
 [15.38   14.9     0.8706  5.884   3.268   4.462   5.795 ]
 [15.56   14.89    0.8823  5.776   3.408   4.972   5.847 ]
 [15.38   14.66    0.899   5.477   3.465   3.6     5.439 ]
 [15.57   15.15    0.8527  5.92    3.231   2.64    5.879 ]
 [15.6    15.11    0.858   5.832   3.286   2.725   5.752 ]
 [16.23   15.18    0.885   5.872   3.472   3.769   5.922 ]
 [13.07   13.92    0.848   5.472   2.994   5.304   5.395 ]
 [13.34   13.95    0.862   5.389   3.074   5.995   5.307 ]
 [11.43   13.13    0.8335  5.176   2.719   2.221   5.132 ]
 [12.7    13.71    0.8491  5.386   2.911   3.26    5.316 ]
 [11.34   12.87    0.8596  5.053   2.849   3.347   5.003 ]
 [12.54   13.67    0.8425  5.451   2.879   3.082   5.491 ]
 [12.1    13.15    0.8793  5.105   2.941   2.201   5.056 ]
 [11.02   13.      0.8189  5.325   2.701   6.735   5.163 ]
 [12.21   13.47    0.8453  5.357   2.893   1.661   5.178 ]
 [10.59   12.41    0.8648  4.899   2.787   4.975   4.794 ]
 [12.8    13.47    0.886   5.16    3.126   4.873   4.914 ]
 [13.37   13.78    0.8849  5.32    3.128   4.67    5.091 ]
 [12.62   13.67    0.8481  5.41    2.911   3.306   5.231 ]
 [12.76   13.38    0.8964  5.073   3.155   2.828   4.83  ]
 [12.67   13.32    0.8977  4.984   3.135   2.3     4.745 ]
 [12.7    13.41    0.8874  5.183   3.091   8.456   5.    ]
 [12.37   13.47    0.8567  5.204   2.96    3.919   5.001 ]
 [12.19   13.2     0.8783  5.137   2.981   3.631   4.87  ]
 [13.2    13.66    0.8883  5.236   3.232   8.315   5.056 ]]test_acc:  0.9523809523809523
[[14.69   14.49    0.8799  5.563   3.259   3.586   5.219 ]
 [16.63   15.46    0.8747  6.053   3.465   2.04    5.877 ]
 [16.44   15.25    0.888   5.884   3.505   1.969   5.533 ]
 [15.26   14.85    0.8696  5.714   3.242   4.543   5.314 ]
 [13.99   13.83    0.9183  5.119   3.383   5.234   4.781 ]
 [12.72   13.57    0.8686  5.226   3.049   4.102   4.914 ]
 [12.08   13.23    0.8664  5.099   2.936   1.415   4.961 ]
 [16.19   15.16    0.8849  5.833   3.421   0.903   5.307 ]
 [13.02   13.76    0.8641  5.395   3.026   3.373   4.825 ]
 [12.74   13.67    0.8564  5.395   2.956   2.504   4.869 ]
 [13.45   14.02    0.8604  5.516   3.065   3.531   5.097 ]
 [13.16   13.82    0.8662  5.454   2.975   0.8551  5.056 ]
 [15.49   14.94    0.8724  5.757   3.371   3.412   5.228 ]
 [14.09   14.41    0.8529  5.717   3.186   3.92    5.299 ]
 [16.12   15.      0.9     5.709   3.485   2.27    5.443 ]
 [16.2    15.27    0.8734  5.826   3.464   2.823   5.527 ]
 [17.08   15.38    0.9079  5.832   3.683   2.956   5.484 ]
 [14.28   14.17    0.8944  5.397   3.298   6.685   5.001 ]
 [13.16   13.55    0.9009  5.138   3.201   2.461   4.783 ]
 [15.5    14.86    0.882   5.877   3.396   4.711   5.528 ]
 [15.11   14.54    0.8986  5.579   3.462   3.128   5.18  ]
 [12.11   13.47    0.8392  5.159   3.032   1.502   4.519 ]
 [11.42   12.86    0.8683  5.008   2.85    2.7     4.607 ]
 [11.23   12.63    0.884   4.902   2.879   2.269   4.703 ]
 [12.36   13.19    0.8923  5.076   3.042   3.22    4.605 ]
 [13.22   13.84    0.868   5.395   3.07    4.157   5.088 ]
 [12.88   13.5     0.8879  5.139   3.119   2.352   4.607 ]
 [12.73   13.75    0.8458  5.412   2.882   3.533   5.067 ]
 [17.12   15.55    0.8892  5.85    3.566   2.858   5.746 ]
 [19.57   16.74    0.8779  6.384   3.772   1.472   6.273 ]
 [21.18   17.21    0.8989  6.573   4.033   5.78    6.231 ]
 [20.1    16.99    0.8746  6.581   3.785   1.955   6.449 ]
 [18.59   16.05    0.9066  6.037   3.86    6.001   5.877 ]
 [18.36   16.52    0.8452  6.666   3.485   4.933   6.448 ]
 [16.41   15.25    0.8866  5.718   3.525   4.217   5.618 ]
 [17.99   15.86    0.8992  5.89    3.694   2.068   5.837 ]
 [18.55   16.22    0.8865  6.153   3.674   1.738   5.894 ]
 [19.14   16.61    0.8722  6.259   3.737   6.682   6.053 ]
 [20.97   17.25    0.8859  6.563   3.991   4.677   6.316 ]
 [17.98   15.85    0.8993  5.979   3.687   2.257   5.919 ]
 [20.16   17.03    0.8735  6.513   3.773   1.91    6.185 ]
 [15.38   14.9     0.8706  5.884   3.268   4.462   5.795 ]
 [16.16   15.33    0.8644  5.845   3.395   4.266   5.795 ]
 [15.56   14.89    0.8823  5.776   3.408   4.972   5.847 ]
 [15.38   14.66    0.899   5.477   3.465   3.6     5.439 ]
 [15.57   15.15    0.8527  5.92    3.231   2.64    5.879 ]
 [15.6    15.11    0.858   5.832   3.286   2.725   5.752 ]
 [16.23   15.18    0.885   5.872   3.472   3.769   5.922 ]
 [13.07   13.92    0.848   5.472   2.994   5.304   5.395 ]
 [13.32   13.94    0.8613  5.541   3.073   7.035   5.44  ]
 [13.34   13.95    0.862   5.389   3.074   5.995   5.307 ]
 [11.43   13.13    0.8335  5.176   2.719   2.221   5.132 ]
 [12.49   13.46    0.8658  5.267   2.967   4.421   5.002 ]
 [12.7    13.71    0.8491  5.386   2.911   3.26    5.316 ]
 [11.18   13.04    0.8266  5.22    2.693   3.332   5.001 ]
 [11.34   12.87    0.8596  5.053   2.849   3.347   5.003 ]
 [12.54   13.67    0.8425  5.451   2.879   3.082   5.491 ]
 [12.1    13.15    0.8793  5.105   2.941   2.201   5.056 ]
 [10.8    12.57    0.859   4.981   2.821   4.773   5.063 ]
 [10.74   12.73    0.8329  5.145   2.642   4.702   4.963 ]
 [12.21   13.47    0.8453  5.357   2.893   1.661   5.178 ]
 [11.23   12.82    0.8594  5.089   2.821   7.524   4.957 ]
 [13.37   13.78    0.8849  5.32    3.128   4.67    5.091 ]
 [12.62   13.67    0.8481  5.41    2.911   3.306   5.231 ]
 [12.76   13.38    0.8964  5.073   3.155   2.828   4.83  ]
 [12.67   13.32    0.8977  4.984   3.135   2.3     4.745 ]
 [12.37   13.47    0.8567  5.204   2.96    3.919   5.001 ]
 [12.19   13.2     0.8783  5.137   2.981   3.631   4.87  ]
 [13.2    13.66    0.8883  5.236   3.232   8.315   5.056 ]]test_acc:  0.9047619047619048
[[16.63   15.46    0.8747  6.053   3.465   2.04    5.877 ]
 [16.44   15.25    0.888   5.884   3.505   1.969   5.533 ]
 [15.26   14.85    0.8696  5.714   3.242   4.543   5.314 ]
 [13.99   13.83    0.9183  5.119   3.383   5.234   4.781 ]
 [12.72   13.57    0.8686  5.226   3.049   4.102   4.914 ]
 [12.08   13.23    0.8664  5.099   2.936   1.415   4.961 ]
 [16.19   15.16    0.8849  5.833   3.421   0.903   5.307 ]
 [13.02   13.76    0.8641  5.395   3.026   3.373   4.825 ]
 [12.74   13.67    0.8564  5.395   2.956   2.504   4.869 ]
 [13.45   14.02    0.8604  5.516   3.065   3.531   5.097 ]
 [13.16   13.82    0.8662  5.454   2.975   0.8551  5.056 ]
 [15.49   14.94    0.8724  5.757   3.371   3.412   5.228 ]
 [16.12   15.      0.9     5.709   3.485   2.27    5.443 ]
 [16.2    15.27    0.8734  5.826   3.464   2.823   5.527 ]
 [17.08   15.38    0.9079  5.832   3.683   2.956   5.484 ]
 [14.28   14.17    0.8944  5.397   3.298   6.685   5.001 ]
 [15.5    14.86    0.882   5.877   3.396   4.711   5.528 ]
 [15.11   14.54    0.8986  5.579   3.462   3.128   5.18  ]
 [15.78   14.91    0.8923  5.674   3.434   5.593   5.136 ]
 [14.49   14.61    0.8538  5.715   3.113   4.116   5.396 ]
 [13.22   13.84    0.868   5.395   3.07    4.157   5.088 ]
 [12.78   13.57    0.8716  5.262   3.026   1.176   4.782 ]
 [12.88   13.5     0.8879  5.139   3.119   2.352   4.607 ]
 [12.73   13.75    0.8458  5.412   2.882   3.533   5.067 ]
 [17.12   15.55    0.8892  5.85    3.566   2.858   5.746 ]
 [16.53   15.34    0.8823  5.875   3.467   5.532   5.88  ]
 [19.57   16.74    0.8779  6.384   3.772   1.472   6.273 ]
 [21.18   17.21    0.8989  6.573   4.033   5.78    6.231 ]
 [20.1    16.99    0.8746  6.581   3.785   1.955   6.449 ]
 [18.59   16.05    0.9066  6.037   3.86    6.001   5.877 ]
 [18.36   16.52    0.8452  6.666   3.485   4.933   6.448 ]
 [16.41   15.25    0.8866  5.718   3.525   4.217   5.618 ]
 [17.99   15.86    0.8992  5.89    3.694   2.068   5.837 ]
 [18.55   16.22    0.8865  6.153   3.674   1.738   5.894 ]
 [19.14   16.61    0.8722  6.259   3.737   6.682   6.053 ]
 [20.97   17.25    0.8859  6.563   3.991   4.677   6.316 ]
 [16.17   15.38    0.8588  5.762   3.387   4.286   5.703 ]
 [15.99   14.89    0.9064  5.363   3.582   3.336   5.144 ]
 [16.16   15.33    0.8644  5.845   3.395   4.266   5.795 ]
 [15.56   14.89    0.8823  5.776   3.408   4.972   5.847 ]
 [15.38   14.66    0.899   5.477   3.465   3.6     5.439 ]
 [15.57   15.15    0.8527  5.92    3.231   2.64    5.879 ]
 [15.6    15.11    0.858   5.832   3.286   2.725   5.752 ]
 [16.23   15.18    0.885   5.872   3.472   3.769   5.922 ]
 [13.07   13.92    0.848   5.472   2.994   5.304   5.395 ]
 [13.34   13.95    0.862   5.389   3.074   5.995   5.307 ]
 [11.43   13.13    0.8335  5.176   2.719   2.221   5.132 ]
 [12.7    13.71    0.8491  5.386   2.911   3.26    5.316 ]
 [12.54   13.67    0.8425  5.451   2.879   3.082   5.491 ]
 [12.55   13.57    0.8558  5.333   2.968   4.419   5.176 ]
 [12.1    13.15    0.8793  5.105   2.941   2.201   5.056 ]
 [12.21   13.47    0.8453  5.357   2.893   1.661   5.178 ]
 [11.23   12.82    0.8594  5.089   2.821   7.524   4.957 ]
 [10.59   12.41    0.8648  4.899   2.787   4.975   4.794 ]
 [12.8    13.47    0.886   5.16    3.126   4.873   4.914 ]
 [12.37   13.47    0.8567  5.204   2.96    3.919   5.001 ]
 [12.19   13.2     0.8783  5.137   2.981   3.631   4.87  ]
 [13.2    13.66    0.8883  5.236   3.232   8.315   5.056 ]]test_acc:  0.7619047619047619
[[16.63   15.46    0.8747  6.053   3.465   2.04    5.877 ]
 [16.44   15.25    0.888   5.884   3.505   1.969   5.533 ]
 [15.26   14.85    0.8696  5.714   3.242   4.543   5.314 ]
 [13.89   14.02    0.888   5.439   3.199   3.986   4.738 ]
 [13.99   13.83    0.9183  5.119   3.383   5.234   4.781 ]
 [12.72   13.57    0.8686  5.226   3.049   4.102   4.914 ]
 [12.08   13.23    0.8664  5.099   2.936   1.415   4.961 ]
 [16.19   15.16    0.8849  5.833   3.421   0.903   5.307 ]
 [13.02   13.76    0.8641  5.395   3.026   3.373   4.825 ]
 [12.74   13.67    0.8564  5.395   2.956   2.504   4.869 ]
 [13.45   14.02    0.8604  5.516   3.065   3.531   5.097 ]
 [13.16   13.82    0.8662  5.454   2.975   0.8551  5.056 ]
 [15.49   14.94    0.8724  5.757   3.371   3.412   5.228 ]
 [14.09   14.41    0.8529  5.717   3.186   3.92    5.299 ]
 [16.12   15.      0.9     5.709   3.485   2.27    5.443 ]
 [16.2    15.27    0.8734  5.826   3.464   2.823   5.527 ]
 [17.08   15.38    0.9079  5.832   3.683   2.956   5.484 ]
 [14.28   14.17    0.8944  5.397   3.298   6.685   5.001 ]
 [13.54   13.85    0.8871  5.348   3.156   2.587   5.178 ]
 [13.16   13.55    0.9009  5.138   3.201   2.461   4.783 ]
 [15.5    14.86    0.882   5.877   3.396   4.711   5.528 ]
 [15.78   14.91    0.8923  5.674   3.434   5.593   5.136 ]
 [12.11   13.47    0.8392  5.159   3.032   1.502   4.519 ]
 [11.42   12.86    0.8683  5.008   2.85    2.7     4.607 ]
 [11.23   12.63    0.884   4.902   2.879   2.269   4.703 ]
 [12.36   13.19    0.8923  5.076   3.042   3.22    4.605 ]
 [17.12   15.55    0.8892  5.85    3.566   2.858   5.746 ]
 [16.53   15.34    0.8823  5.875   3.467   5.532   5.88  ]
 [19.57   16.74    0.8779  6.384   3.772   1.472   6.273 ]
 [21.18   17.21    0.8989  6.573   4.033   5.78    6.231 ]
 [20.1    16.99    0.8746  6.581   3.785   1.955   6.449 ]
 [18.59   16.05    0.9066  6.037   3.86    6.001   5.877 ]
 [18.36   16.52    0.8452  6.666   3.485   4.933   6.448 ]
 [16.87   15.65    0.8648  6.139   3.463   3.696   5.967 ]
 [16.41   15.25    0.8866  5.718   3.525   4.217   5.618 ]
 [17.99   15.86    0.8992  5.89    3.694   2.068   5.837 ]
 [19.14   16.61    0.8722  6.259   3.737   6.682   6.053 ]
 [20.97   17.25    0.8859  6.563   3.991   4.677   6.316 ]
 [16.17   15.38    0.8588  5.762   3.387   4.286   5.703 ]
 [15.99   14.89    0.9064  5.363   3.582   3.336   5.144 ]
 [17.98   15.85    0.8993  5.979   3.687   2.257   5.919 ]
 [20.16   17.03    0.8735  6.513   3.773   1.91    6.185 ]
 [15.38   14.9     0.8706  5.884   3.268   4.462   5.795 ]
 [13.07   13.92    0.848   5.472   2.994   5.304   5.395 ]
 [13.32   13.94    0.8613  5.541   3.073   7.035   5.44  ]
 [13.34   13.95    0.862   5.389   3.074   5.995   5.307 ]
 [11.43   13.13    0.8335  5.176   2.719   2.221   5.132 ]
 [12.49   13.46    0.8658  5.267   2.967   4.421   5.002 ]
 [12.7    13.71    0.8491  5.386   2.911   3.26    5.316 ]
 [11.18   13.04    0.8266  5.22    2.693   3.332   5.001 ]
 [11.34   12.87    0.8596  5.053   2.849   3.347   5.003 ]
 [12.54   13.67    0.8425  5.451   2.879   3.082   5.491 ]
 [12.1    13.15    0.8793  5.105   2.941   2.201   5.056 ]
 [12.21   13.47    0.8453  5.357   2.893   1.661   5.178 ]
 [11.23   12.82    0.8594  5.089   2.821   7.524   4.957 ]
 [10.59   12.41    0.8648  4.899   2.787   4.975   4.794 ]
 [12.8    13.47    0.886   5.16    3.126   4.873   4.914 ]
 [13.37   13.78    0.8849  5.32    3.128   4.67    5.091 ]
 [12.62   13.67    0.8481  5.41    2.911   3.306   5.231 ]
 [12.76   13.38    0.8964  5.073   3.155   2.828   4.83  ]
 [12.67   13.32    0.8977  4.984   3.135   2.3     4.745 ]]test_acc:  0.7142857142857143
