[0.36745806 0.         0.         0.01504329 0.0070816  0.08575779 0.52465927] test_acc:  1.0
[0.31111823 0.01587302 0.         0.         0.02319446 0.12019057 0.52962372] test_acc:  0.9523809523809523
[0.31788135 0.03145743 0.         0.         0.01973011 0.11292195 0.51800915] test_acc:  0.9523809523809523
[0.35592637 0.02116402 0.         0.00595238 0.02261156 0.04158363 0.55276204] test_acc:  0.8571428571428571
[0.3381166  0.02645503 0.00793651 0.         0.01491152 0.06936689 0.54321345] test_acc:  1.0
[0.31674131 0.02380952 0.01269841 0.01190476 0.02550912 0.1114767  0.49786017] test_acc:  0.8095238095238095
[0.35050722 0.01322751 0.         0.01322751 0.02024302 0.07714867 0.52564607] test_acc:  0.9523809523809523
[0.32770009 0.         0.00617284 0.         0.0319224  0.05914763 0.57505704] test_acc:  0.9047619047619048
[0.39675038 0.         0.         0.01360544 0.05159642 0.07110592 0.46694183] test_acc:  0.7619047619047619
[0.37588563 0.01482741 0.01082251 0.02116402 0.00763702 0.05189464 0.51776878] test_acc:  0.8571428571428571

