[0.33333333 0.33333333 0.33333333][63. 63. 63.]test_acc:  0.9047619047619048
[0.33333333 0.33333333 0.33333333][63. 63. 63.]test_acc:  0.9047619047619048
[0.33333333 0.33333333 0.33333333][63. 63. 63.]test_acc:  0.9523809523809523
[0.33333333 0.33333333 0.33333333][63. 63. 63.]test_acc:  0.9047619047619048
[0.33333333 0.33333333 0.33333333][63. 63. 63.]test_acc:  1.0
[0.33333333 0.33333333 0.33333333][63. 63. 63.]test_acc:  0.9047619047619048
[0.33333333 0.33333333 0.33333333][63. 63. 63.]test_acc:  1.0
[0.33333333 0.33333333 0.33333333][63. 63. 63.]test_acc:  0.9523809523809523
[0.33333333 0.33333333 0.33333333][63. 63. 63.]test_acc:  0.6190476190476191
[0.33333333 0.33333333 0.33333333][63. 63. 63.]test_acc:  0.7619047619047619
