[0.51547779 0.48452221][383. 360.]test_acc:  0.7738095238095238
[0.51478495 0.48521505][383. 361.]test_acc:  0.7951807228915663
[0.51478495 0.48521505][383. 361.]test_acc:  0.8554216867469879
[0.51478495 0.48521505][383. 361.]test_acc:  0.8433734939759037
[0.51478495 0.48521505][383. 361.]test_acc:  0.8674698795180723
[0.51478495 0.48521505][383. 361.]test_acc:  0.7349397590361446
[0.51543624 0.48456376][384. 361.]test_acc:  0.8170731707317073
[0.51543624 0.48456376][384. 361.]test_acc:  0.7926829268292683
[0.51543624 0.48456376][384. 361.]test_acc:  0.8414634146341463
[0.51543624 0.48456376][384. 361.]test_acc:  0.7804878048780488
