[0.54112837 0.23401301 0.13367402 0.06485015 0.02633445]test_acc:  0.8095238095238095
[0.52410176 0.23481158 0.13739885 0.07063289 0.03305493]test_acc:  0.7951807228915663
[0.54265771 0.22902021 0.10879068 0.08349731 0.03603409]test_acc:  0.7710843373493976
[0.5306834  0.23088299 0.13273931 0.07036676 0.03532754]test_acc:  0.8192771084337349
[0.5248687  0.23794791 0.14017015 0.06158773 0.0354255 ]test_acc:  0.7951807228915663
[0.54660569 0.21288703 0.1334772  0.07788201 0.02914807]test_acc:  0.6746987951807228
[0.51870868 0.22231127 0.14716765 0.07756534 0.03424705]test_acc:  0.7560975609756098
[0.53408549 0.20832456 0.14517174 0.08216224 0.03025598]test_acc:  0.7804878048780488
[0.53017533 0.24584644 0.12289181 0.07193799 0.02914843]test_acc:  0.7560975609756098
[0.58239523 0.20630022 0.10754594 0.08632995 0.01742865]test_acc:  0.7195121951219512
