[0.17211103 0.         0.05045166 0.         0.         0.02901795
 0.         0.07530136 0.         0.0120587  0.         0.
 0.         0.02657894 0.         0.12799546 0.04887234 0.02862932
 0.         0.03083157 0.04638911 0.35176256]test_acc:  0.95
[0.18712429 0.10071647 0.         0.         0.02312368 0.
 0.         0.         0.         0.         0.02466526 0.13655011
 0.         0.         0.         0.         0.13103418 0.
 0.         0.         0.02954692 0.36723909]test_acc:  0.85
[0.29764201 0.         0.         0.01541579 0.         0.
 0.         0.         0.         0.13283507 0.         0.
 0.         0.02055438 0.         0.07848036 0.         0.
 0.39559276 0.         0.02959831 0.02988133]test_acc:  0.8
[0.21665673 0.11892178 0.         0.         0.         0.
 0.         0.02055438 0.         0.06687009 0.         0.
 0.         0.         0.         0.03699789 0.0880902  0.
 0.         0.04812335 0.02968966 0.37409592]test_acc:  0.9
[0.20434498 0.         0.         0.02920886 0.         0.0624183
 0.05440866 0.         0.02055438 0.00603344 0.         0.
 0.         0.         0.         0.         0.21859823 0.
 0.02697763 0.         0.02569298 0.35176256]test_acc:  0.95
[0.20588042 0.         0.         0.         0.         0.
 0.         0.         0.08246378 0.         0.         0.02964574
 0.         0.         0.         0.08293832 0.05217651 0.
 0.02991883 0.         0.         0.5169764 ]test_acc:  0.8
[0.12467833 0.12991377 0.01541579 0.         0.         0.
 0.         0.         0.         0.         0.02055438 0.03699789
 0.         0.         0.         0.02055438 0.         0.
 0.02860848 0.08623212 0.03370918 0.50333569]test_acc:  0.8
[0.19333278 0.         0.         0.         0.         0.
 0.         0.         0.         0.         0.         0.
 0.12293078 0.01538731 0.         0.10551295 0.         0.
 0.53293803 0.         0.         0.02989815]test_acc:  0.5789473684210527
[0.07483177 0.04593734 0.01512303 0.         0.         0.01512303
 0.         0.02893102 0.         0.         0.         0.
 0.08792965 0.         0.01423344 0.07471038 0.06279025 0.07129431
 0.         0.         0.04959769 0.45949808]test_acc:  0.8888888888888888
[0.20762525 0.         0.         0.         0.02865417 0.
 0.         0.0694803  0.         0.00690231 0.         0.
 0.         0.         0.02016405 0.16668945 0.04949357 0.
 0.         0.         0.02903623 0.42195467]test_acc:  0.7777777777777778
