[0.24571429 0.75428571][ 43. 132.]test_acc:  0.7
[0.24571429 0.75428571][ 43. 132.]test_acc:  0.65
[0.24571429 0.75428571][ 43. 132.]test_acc:  0.7
[0.24571429 0.75428571][ 43. 132.]test_acc:  0.75
[0.24571429 0.75428571][ 43. 132.]test_acc:  1.0
[0.24571429 0.75428571][ 43. 132.]test_acc:  0.6
[0.24571429 0.75428571][ 43. 132.]test_acc:  0.6
[0.24431818 0.75568182][ 43. 133.]test_acc:  0.7368421052631579
[0.24858757 0.75141243][ 44. 133.]test_acc:  0.8333333333333334
[0.24858757 0.75141243][ 44. 133.]test_acc:  0.3888888888888889
