[[2.014640e+02 2.105650e+02 1.957080e+02 ... 1.701830e-01 2.447064e+00
  5.761000e-02]
 [2.372260e+02 2.473260e+02 2.252270e+02 ... 9.864800e-02 2.416838e+00
  9.503200e-02]
 [2.414040e+02 2.488340e+02 2.324830e+02 ... 1.582660e-01 2.256699e+00
  1.173990e-01]
 ...
 [1.504400e+02 1.634410e+02 1.447360e+02 ... 1.832180e-01 2.264226e+00
  1.441050e-01]
 [1.484620e+02 1.610780e+02 1.419980e+02 ... 2.162040e-01 2.679185e+00
  1.977100e-01]
 [1.498180e+02 1.634170e+02 1.447860e+02 ... 1.093970e-01 2.209021e+00
  1.563680e-01]]test_acc:  0.85
[[1.970760e+02 2.068960e+02 1.920550e+02 ... 1.775510e-01 1.743867e+00
  8.556900e-02]
 [1.992280e+02 2.095120e+02 1.920910e+02 ... 1.733190e-01 2.103106e+00
  6.850100e-02]
 [1.983830e+02 2.152030e+02 1.931040e+02 ... 1.751810e-01 1.512275e+00
  9.632000e-02]
 ...
 [1.504400e+02 1.634410e+02 1.447360e+02 ... 1.832180e-01 2.264226e+00
  1.441050e-01]
 [1.484620e+02 1.610780e+02 1.419980e+02 ... 2.162040e-01 2.679185e+00
  1.977100e-01]
 [1.498180e+02 1.634170e+02 1.447860e+02 ... 1.093970e-01 2.209021e+00
  1.563680e-01]]test_acc:  0.8
[[1.970760e+02 2.068960e+02 1.920550e+02 ... 1.775510e-01 1.743867e+00
  8.556900e-02]
 [1.992280e+02 2.095120e+02 1.920910e+02 ... 1.733190e-01 2.103106e+00
  6.850100e-02]
 [1.983830e+02 2.152030e+02 1.931040e+02 ... 1.751810e-01 1.512275e+00
  9.632000e-02]
 ...
 [1.504400e+02 1.634410e+02 1.447360e+02 ... 1.832180e-01 2.264226e+00
  1.441050e-01]
 [1.484620e+02 1.610780e+02 1.419980e+02 ... 2.162040e-01 2.679185e+00
  1.977100e-01]
 [1.498180e+02 1.634170e+02 1.447860e+02 ... 1.093970e-01 2.209021e+00
  1.563680e-01]]test_acc:  0.75
[[1.970760e+02 2.068960e+02 1.920550e+02 ... 1.775510e-01 1.743867e+00
  8.556900e-02]
 [1.992280e+02 2.095120e+02 1.920910e+02 ... 1.733190e-01 2.103106e+00
  6.850100e-02]
 [1.983830e+02 2.152030e+02 1.931040e+02 ... 1.751810e-01 1.512275e+00
  9.632000e-02]
 ...
 [1.504400e+02 1.634410e+02 1.447360e+02 ... 1.832180e-01 2.264226e+00
  1.441050e-01]
 [1.484620e+02 1.610780e+02 1.419980e+02 ... 2.162040e-01 2.679185e+00
  1.977100e-01]
 [1.498180e+02 1.634170e+02 1.447860e+02 ... 1.093970e-01 2.209021e+00
  1.563680e-01]]test_acc:  0.75
[[1.970760e+02 2.068960e+02 1.920550e+02 ... 1.775510e-01 1.743867e+00
  8.556900e-02]
 [1.992280e+02 2.095120e+02 1.920910e+02 ... 1.733190e-01 2.103106e+00
  6.850100e-02]
 [1.983830e+02 2.152030e+02 1.931040e+02 ... 1.751810e-01 1.512275e+00
  9.632000e-02]
 ...
 [1.504400e+02 1.634410e+02 1.447360e+02 ... 1.832180e-01 2.264226e+00
  1.441050e-01]
 [1.484620e+02 1.610780e+02 1.419980e+02 ... 2.162040e-01 2.679185e+00
  1.977100e-01]
 [1.498180e+02 1.634170e+02 1.447860e+02 ... 1.093970e-01 2.209021e+00
  1.563680e-01]]test_acc:  0.75
[[1.970760e+02 2.068960e+02 1.920550e+02 ... 1.775510e-01 1.743867e+00
  8.556900e-02]
 [1.992280e+02 2.095120e+02 1.920910e+02 ... 1.733190e-01 2.103106e+00
  6.850100e-02]
 [1.983830e+02 2.152030e+02 1.931040e+02 ... 1.751810e-01 1.512275e+00
  9.632000e-02]
 ...
 [1.481430e+02 1.559820e+02 1.350410e+02 ... 2.408750e-01 2.845109e+00
  1.927300e-01]
 [1.504400e+02 1.634410e+02 1.447360e+02 ... 1.832180e-01 2.264226e+00
  1.441050e-01]
 [1.484620e+02 1.610780e+02 1.419980e+02 ... 2.162040e-01 2.679185e+00
  1.977100e-01]]test_acc:  0.75
[[1.970760e+02 2.068960e+02 1.920550e+02 ... 1.775510e-01 1.743867e+00
  8.556900e-02]
 [1.992280e+02 2.095120e+02 1.920910e+02 ... 1.733190e-01 2.103106e+00
  6.850100e-02]
 [1.983830e+02 2.152030e+02 1.931040e+02 ... 1.751810e-01 1.512275e+00
  9.632000e-02]
 ...
 [1.504400e+02 1.634410e+02 1.447360e+02 ... 1.832180e-01 2.264226e+00
  1.441050e-01]
 [1.484620e+02 1.610780e+02 1.419980e+02 ... 2.162040e-01 2.679185e+00
  1.977100e-01]
 [1.498180e+02 1.634170e+02 1.447860e+02 ... 1.093970e-01 2.209021e+00
  1.563680e-01]]test_acc:  0.75
[[1.970760e+02 2.068960e+02 1.920550e+02 ... 1.775510e-01 1.743867e+00
  8.556900e-02]
 [1.992280e+02 2.095120e+02 1.920910e+02 ... 1.733190e-01 2.103106e+00
  6.850100e-02]
 [1.983830e+02 2.152030e+02 1.931040e+02 ... 1.751810e-01 1.512275e+00
  9.632000e-02]
 ...
 [1.504400e+02 1.634410e+02 1.447360e+02 ... 1.832180e-01 2.264226e+00
  1.441050e-01]
 [1.484620e+02 1.610780e+02 1.419980e+02 ... 2.162040e-01 2.679185e+00
  1.977100e-01]
 [1.498180e+02 1.634170e+02 1.447860e+02 ... 1.093970e-01 2.209021e+00
  1.563680e-01]]test_acc:  0.7368421052631579
[[1.970760e+02 2.068960e+02 1.920550e+02 ... 1.775510e-01 1.743867e+00
  8.556900e-02]
 [1.992280e+02 2.095120e+02 1.920910e+02 ... 1.733190e-01 2.103106e+00
  6.850100e-02]
 [1.983830e+02 2.152030e+02 1.931040e+02 ... 1.751810e-01 1.512275e+00
  9.632000e-02]
 ...
 [1.504400e+02 1.634410e+02 1.447360e+02 ... 1.832180e-01 2.264226e+00
  1.441050e-01]
 [1.484620e+02 1.610780e+02 1.419980e+02 ... 2.162040e-01 2.679185e+00
  1.977100e-01]
 [1.498180e+02 1.634170e+02 1.447860e+02 ... 1.093970e-01 2.209021e+00
  1.563680e-01]]test_acc:  0.7777777777777778
[[1.970760e+02 2.068960e+02 1.920550e+02 ... 1.775510e-01 1.743867e+00
  8.556900e-02]
 [1.992280e+02 2.095120e+02 1.920910e+02 ... 1.733190e-01 2.103106e+00
  6.850100e-02]
 [1.983830e+02 2.152030e+02 1.931040e+02 ... 1.751810e-01 1.512275e+00
  9.632000e-02]
 ...
 [1.191000e+02 1.284420e+02 8.883300e+01 ... 1.756910e-01 2.451130e+00
  2.474550e-01]
 [1.178700e+02 1.273490e+02 9.565400e+01 ... 2.079140e-01 2.439597e+00
  2.062560e-01]
 [1.223360e+02 1.423690e+02 9.479400e+01 ... 2.305320e-01 2.699645e+00
  2.205460e-01]]test_acc:  0.7777777777777778
