[0.11111111 0.11111111 0.11111111 0.11111111 0.11111111 0.11111111
 0.11111111 0.11111111 0.11111111][108. 108. 108. 108. 108. 108. 108. 108. 108.]test_acc:  0.9166666666666666
[0.11111111 0.11111111 0.11111111 0.11111111 0.11111111 0.11111111
 0.11111111 0.11111111 0.11111111][108. 108. 108. 108. 108. 108. 108. 108. 108.]test_acc:  0.8888888888888888
[0.11111111 0.11111111 0.11111111 0.11111111 0.11111111 0.11111111
 0.11111111 0.11111111 0.11111111][108. 108. 108. 108. 108. 108. 108. 108. 108.]test_acc:  0.8888888888888888
[0.11111111 0.11111111 0.11111111 0.11111111 0.11111111 0.11111111
 0.11111111 0.11111111 0.11111111][108. 108. 108. 108. 108. 108. 108. 108. 108.]test_acc:  0.9166666666666666
[0.11111111 0.11111111 0.11111111 0.11111111 0.11111111 0.11111111
 0.11111111 0.11111111 0.11111111][108. 108. 108. 108. 108. 108. 108. 108. 108.]test_acc:  0.8796296296296297
[0.11111111 0.11111111 0.11111111 0.11111111 0.11111111 0.11111111
 0.11111111 0.11111111 0.11111111][108. 108. 108. 108. 108. 108. 108. 108. 108.]test_acc:  0.8981481481481481
[0.11111111 0.11111111 0.11111111 0.11111111 0.11111111 0.11111111
 0.11111111 0.11111111 0.11111111][108. 108. 108. 108. 108. 108. 108. 108. 108.]test_acc:  0.8888888888888888
[0.11111111 0.11111111 0.11111111 0.11111111 0.11111111 0.11111111
 0.11111111 0.11111111 0.11111111][108. 108. 108. 108. 108. 108. 108. 108. 108.]test_acc:  0.8703703703703703
[0.11111111 0.11111111 0.11111111 0.11111111 0.11111111 0.11111111
 0.11111111 0.11111111 0.11111111][108. 108. 108. 108. 108. 108. 108. 108. 108.]test_acc:  0.8703703703703703
[0.11111111 0.11111111 0.11111111 0.11111111 0.11111111 0.11111111
 0.11111111 0.11111111 0.11111111][108. 108. 108. 108. 108. 108. 108. 108. 108.]test_acc:  0.9074074074074074
